Procedure Summary

Plate Type	Costar 96 white opaque
Read	Read:  (F) Emission Spectrum [380nm to 670nm by 1]

Field Group

			
			
			

EM Spectrum

Wavelength	A1	A5	A8	A12	C2	C5	C7	C8	C9	C10	E3	E5	E6	E7	E8	E9	E11	G1	G4	G6	G8	G9	G11	G12
380	1	4	5	1	1	19	9	2	29	1	11	1	31	3	1	7	5	9	1	1	2	17	3	1
381	1	5	6	1	1	21	8	2	23	2	9	2	30	4	1	8	5	9	1	2	1	17	1	1
382	1	5	6	1	2	24	12	2	29	3	14	1	31	6	0	7	5	7	1	1	1	16	3	2
383	2	7	7	1	1	24	10	2	30	0	13	1	34	3	1	8	6	8	1	0	1	24	3	1
384	3	4	7	1	1	25	11	2	28	1	11	1	34	5	1	8	6	11	2	1	2	22	3	2
385	2	11	6	1	1	24	13	2	28	1	15	2	36	5	1	6	7	11	2	1	3	25	2	2
386	3	10	8	1	1	28	12	2	33	1	13	2	35	8	1	8	4	13	2	2	3	25	3	2
387	2	11	9	1	1	28	19	3	35	1	16	2	39	7	3	6	7	11	2	2	4	26	2	2
388	2	13	9	2	2	35	21	3	33	3	17	1	45	8	1	7	7	14	2	2	2	33	5	3
389	2	16	7	1	2	30	23	3	34	2	17	2	46	8	2	10	5	12	1	3	3	35	4	3
390	3	16	7	1	3	30	26	4	40	2	19	3	40	9	2	10	7	13	2	3	3	39	4	3
391	3	20	9	1	1	33	31	3	34	2	19	2	47	12	2	11	7	14	3	3	4	46	6	3
392	3	22	11	2	2	34	35	3	39	3	21	3	52	11	2	10	10	13	2	3	4	49	5	4
393	3	25	10	2	3	33	38	4	42	2	22	2	49	14	1	12	11	17	4	3	5	57	4	4
394	4	28	11	2	2	36	40	5	41	4	25	2	54	14	2	10	13	19	5	4	4	63	9	5
395	4	35	13	2	2	44	48	4	46	2	34	3	50	17	3	12	15	18	3	4	5	68	7	6
396	5	36	13	2	3	37	52	4	47	4	34	5	55	20	3	13	17	16	5	4	5	81	6	6
397	4	44	13	3	4	43	53	5	52	4	39	3	56	20	3	13	14	19	4	4	6	89	8	7
398	6	41	13	2	4	47	67	4	46	4	35	4	61	24	3	12	16	19	6	6	7	97	9	7
399	6	43	13	3	3	47	74	6	54	4	41	7	58	26	4	13	18	21	6	6	6	114	9	9
400	6	60	19	5	5	51	79	5	56	7	46	5	61	24	3	14	18	21	6	6	8	124	10	11
401	8	60	16	4	4	49	93	7	58	6	59	4	62	29	5	15	21	19	7	8	10	148	13	10
402	9	65	17	4	6	49	92	7	59	7	56	5	73	34	4	16	25	25	8	9	12	152	11	10
403	9	64	18	5	7	57	101	6	63	5	63	5	70	33	4	17	33	27	9	9	11	187	14	12
404	10	71	21	5	5	59	108	6	61	7	68	6	76	41	4	15	29	24	10	9	12	200	14	13
405	10	76	20	5	6	60	114	9	66	8	62	7	75	41	5	15	33	27	10	8	13	220	17	13
406	11	85	21	5	6	62	129	10	66	9	75	9	84	47	5	17	34	25	12	12	14	249	15	14
407	11	89	24	5	6	63	126	10	72	10	84	10	90	49	6	18	39	28	12	12	15	254	18	15
408	14	95	19	5	6	63	135	12	73	10	85	9	84	51	7	17	43	26	13	14	16	285	18	17
409	14	103	25	5	6	68	146	12	77	10	93	8	87	50	7	22	44	29	15	12	17	303	20	16
410	15	95	25	6	9	76	137	12	70	9	97	10	93	54	9	22	55	34	16	13	18	317	22	16
411	14	103	23	6	9	74	150	11	77	10	113	11	96	54	8	21	51	29	14	14	18	340	21	22
412	15	108	24	8	8	78	154	10	81	13	109	12	98	54	11	22	54	37	17	14	23	364	26	20
413	16	114	22	7	10	80	158	15	80	14	101	11	96	61	10	21	61	35	20	15	22	378	23	16
414	17	106	28	6	9	76	165	12	83	13	117	10	100	61	10	26	63	36	20	17	18	420	20	18
415	16	108	26	6	10	78	161	12	87	12	112	12	93	67	10	24	72	35	20	17	24	426	28	20
416	20	112	24	7	9	87	173	14	90	15	118	13	104	64	13	21	73	38	22	18	25	429	24	21
417	20	107	28	7	9	94	160	15	85	15	114	13	100	62	12	24	66	40	21	16	26	453	29	21
418	20	111	27	8	9	87	170	13	90	18	129	14	106	65	13	21	76	39	25	19	29	470	28	21
419	23	121	26	7	9	90	180	15	86	19	135	16	108	69	12	23	80	41	24	19	29	471	28	21
420	25	111	28	8	10	87	171	15	88	18	133	14	109	70	13	25	87	38	24	22	29	503	34	21
421	24	124	26	8	11	88	175	15	93	17	146	15	118	69	13	27	86	43	24	22	29	532	30	21
422	23	118	26	7	10	92	176	18	94	18	137	16	113	71	14	28	101	46	27	21	30	527	27	19
423	26	134	30	9	11	93	180	14	98	20	136	14	122	72	17	29	85	48	29	23	31	541	33	23
424	24	125	27	9	12	90	189	18	97	18	140	17	111	70	16	24	92	43	30	23	35	543	33	22
425	27	141	33	10	12	100	188	17	92	19	148	14	121	71	17	29	99	43	28	24	39	554	32	22
426	27	150	30	11	11	87	191	16	103	19	152	15	119	68	16	28	110	45	29	26	34	574	36	21
427	29	145	28	10	12	92	190	16	108	23	150	18	115	71	19	27	100	44	30	27	36	586	37	26
428	27	156	30	10	13	97	196	17	100	25	149	16	124	74	19	31	114	46	33	27	40	586	35	21
429	28	159	29	10	12	100	197	17	98	22	154	17	119	78	21	30	108	44	33	30	37	599	43	25
430	27	163	27	8	14	95	204	18	100	22	155	18	120	77	19	33	107	46	37	30	41	614	36	25
431	27	169	27	10	13	100	209	17	95	24	155	19	119	77	19	30	112	43	32	31	43	627	38	23
432	30	159	29	10	12	103	204	18	103	24	149	18	123	85	19	27	117	47	39	32	47	643	38	23
433	31	167	26	11	15	109	207	16	118	31	156	19	128	81	22	31	121	45	36	32	45	631	35	24
434	34	169	32	10	15	98	200	17	104	25	163	17	125	81	20	30	115	45	40	33	46	635	37	24
435	29	171	24	12	15	103	206	17	96	25	168	21	131	86	21	26	118	47	38	34	44	649	43	23
436	31	168	32	8	15	111	208	16	112	26	171	18	129	80	21	29	122	44	36	34	47	650	42	23
437	32	182	31	11	15	99	208	19	107	30	162	17	126	83	24	30	120	49	42	36	49	648	40	25
438	30	166	29	11	15	103	204	18	102	27	156	18	121	81	24	30	115	52	41	37	52	646	41	24
439	32	160	28	10	13	99	199	17	105	27	159	21	125	81	25	31	134	50	42	33	49	648	43	25
440	34	179	30	11	14	99	206	18	100	35	155	22	122	80	27	33	123	45	46	33	46	622	33	25
441	31	171	28	11	12	99	200	19	107	28	153	17	127	82	25	35	120	44	42	35	50	623	40	24
442	32	163	27	10	14	96	188	14	103	34	146	18	120	80	24	29	114	48	44	39	55	599	38	24
443	30	169	29	11	15	93	190	14	108	35	145	17	119	73	23	30	117	48	44	41	55	615	40	22
444	33	156	28	13	13	97	190	15	108	32	159	19	108	72	25	29	120	44	41	40	56	603	44	20
445	29	163	24	11	13	86	176	15	102	28	143	16	119	70	25	27	125	43	46	40	52	574	33	20
446	34	157	27	10	13	86	183	14	93	31	138	17	115	74	30	30	120	45	44	43	55	572	40	20
447	28	151	26	12	14	87	166	16	103	28	139	19	116	71	26	28	125	39	44	48	51	594	39	21
448	34	142	23	11	14	90	155	16	101	34	134	19	118	66	27	28	113	45	43	43	60	534	43	17
449	29	152	28	13	19	94	156	17	85	32	135	20	117	67	22	25	110	41	48	44	58	510	37	20
450	28	144	29	11	13	86	144	18	89	35	143	16	112	69	25	26	104	37	50	43	61	516	35	19
451	28	153	28	11	14	78	147	16	81	30	128	17	101	63	25	30	117	42	47	50	61	493	35	20
452	30	153	30	10	12	84	142	14	89	31	137	18	104	60	28	30	116	38	50	50	63	476	33	18
453	31	147	25	10	14	86	136	14	87	29	126	17	102	61	24	23	106	38	48	56	65	483	31	16
454	28	147	27	10	13	85	129	15	86	32	128	17	103	57	28	27	107	41	51	54	65	444	37	18
455	29	147	27	9	14	91	147	15	86	36	139	16	101	58	28	23	102	37	50	56	61	450	32	17
456	28	134	27	10	14	78	136	14	81	35	124	16	105	57	23	22	114	40	51	61	69	435	33	17
457	30	131	32	11	11	79	135	12	78	33	105	18	105	52	25	26	116	36	56	56	70	441	34	13
458	31	140	38	9	12	79	125	14	78	32	114	16	102	52	30	24	103	35	55	65	67	398	35	16
459	30	132	37	11	12	79	130	15	83	33	122	20	99	54	27	26	93	33	57	64	73	409	37	16
460	26	125	40	10	15	76	126	13	83	36	110	16	104	51	32	28	109	33	57	73	70	393	38	15
461	30	150	38	9	12	76	126	10	74	34	111	18	103	53	28	26	104	37	58	70	65	388	34	13
462	32	138	44	8	14	73	130	13	69	35	114	16	84	51	29	24	103	34	55	71	70	381	28	14
463	31	122	31	12	12	78	126	11	79	32	103	17	89	48	24	23	96	35	56	75	60	390	30	11
464	24	129	39	9	11	71	108	12	72	33	88	17	96	48	29	23	100	37	55	73	62	360	32	13
465	30	134	39	9	12	72	122	11	77	30	96	18	85	42	26	21	93	31	61	80	67	343	31	15
466	25	135	39	10	12	68	120	10	70	34	96	18	81	48	28	23	89	30	62	81	68	342	39	12
467	26	129	43	10	12	69	110	9	75	33	96	16	88	42	26	23	94	29	58	85	72	333	26	13
468	28	129	46	9	15	64	105	10	69	31	105	17	89	40	27	23	87	28	64	83	64	328	29	9
469	23	116	51	9	14	66	108	11	68	32	92	17	83	45	21	19	93	27	71	87	69	332	32	12
470	31	124	49	9	13	65	108	10	71	34	89	12	87	44	29	21	81	24	67	84	68	312	29	9
471	25	115	50	11	11	65	100	11	74	32	90	14	87	43	27	20	83	28	67	84	61	332	25	13
472	28	115	42	6	10	62	90	8	68	30	90	17	78	43	29	24	89	31	68	96	65	307	27	13
473	26	102	46	10	9	68	92	13	66	29	83	16	79	38	26	25	76	30	70	95	61	292	32	11
474	24	108	53	9	10	62	88	11	66	34	85	15	85	34	29	21	83	26	68	102	69	287	29	11
475	27	100	55	8	10	59	92	9	67	28	85	16	84	38	27	21	78	30	80	96	61	265	29	12
476	28	108	51	10	10	59	84	10	66	29	79	13	84	33	27	17	85	24	77	105	68	282	27	11
477	27	95	49	9	9	60	89	8	60	31	88	15	75	37	24	19	83	27	72	106	68	272	25	10
478	28	101	57	8	9	56	83	10	60	27	84	12	75	33	29	21	82	25	77	108	63	263	31	9
479	25	97	54	10	8	61	88	9	62	29	86	16	80	34	26	24	76	25	73	109	61	252	27	9
480	25	92	58	9	10	62	81	9	65	32	78	12	75	32	27	17	74	27	76	109	61	236	22	9
481	26	87	50	7	10	61	69	9	62	32	73	13	74	32	27	19	77	29	75	115	65	243	26	7
482	25	83	56	9	13	56	66	9	66	29	64	12	80	35	27	17	76	26	83	121	62	254	27	8
483	25	86	62	8	12	60	72	11	65	26	75	13	79	34	28	18	74	25	83	113	62	249	24	6
484	25	90	60	8	8	54	77	9	57	34	71	14	74	30	26	17	81	24	78	127	59	223	26	7
485	25	81	60	9	9	58	71	9	61	27	77	13	69	32	26	19	68	28	86	125	69	234	26	5
486	23	82	66	9	11	55	61	8	63	29	67	11	71	26	23	18	76	26	83	123	62	229	22	7
487	25	84	53	10	9	56	59	9	57	30	63	16	68	26	25	19	71	23	89	122	60	206	22	8
488	24	72	65	9	9	60	62	10	58	27	66	15	70	27	27	23	72	22	85	134	61	214	20	7
489	25	77	59	10	10	53	61	9	55	26	73	12	72	27	20	17	64	25	94	128	55	200	22	6
490	23	76	60	7	10	53	60	8	59	27	59	14	70	27	25	20	66	24	87	141	63	195	26	8
491	26	70	56	7	9	50	59	8	62	27	61	13	73	27	27	21	79	26	92	136	59	206	23	6
492	24	76	57	9	9	51	53	6	51	27	57	12	66	29	24	20	68	23	93	143	60	196	23	6
493	22	67	52	7	8	50	58	8	50	25	60	14	66	24	23	17	65	21	97	146	58	194	21	6
494	21	73	59	7	10	49	52	7	54	26	55	13	68	25	26	18	58	20	95	140	59	185	23	6
495	22	59	56	7	7	53	54	7	48	29	64	11	64	22	23	18	59	24	97	152	56	176	29	5
496	27	67	68	7	8	61	51	7	51	29	56	11	74	22	24	16	53	20	102	150	50	167	28	5
497	22	63	58	8	9	49	51	8	49	26	52	14	69	25	24	20	59	22	102	157	54	179	20	6
498	22	77	56	7	8	50	49	7	47	26	50	15	65	23	22	14	64	18	105	154	49	164	21	5
499	20	69	62	7	9	51	48	9	56	27	52	12	63	22	23	18	61	20	100	158	60	167	18	7
500	24	59	53	9	9	44	51	8	51	31	55	10	62	21	26	17	63	20	106	167	57	164	21	6
501	23	63	53	8	9	46	38	7	50	24	54	11	66	22	21	19	64	21	103	162	47	164	25	6
502	21	54	42	6	9	48	46	6	51	24	48	12	61	20	24	20	61	26	113	163	48	165	20	4
503	25	61	61	7	7	52	39	6	58	23	61	12	65	20	22	20	45	21	106	167	53	163	21	4
504	18	65	62	8	7	54	45	7	54	25	52	12	70	24	22	17	54	18	116	174	56	146	20	5
505	22	60	54	10	7	45	37	6	46	24	50	13	60	20	25	19	52	18	107	175	48	146	21	4
506	23	57	51	9	9	45	41	6	45	26	49	12	59	20	24	20	54	20	111	177	48	154	16	5
507	19	54	43	9	8	46	32	7	47	32	47	12	60	17	25	18	54	23	117	184	57	145	18	5
508	23	57	48	8	8	51	39	6	56	22	50	11	59	20	26	16	52	20	126	183	48	153	21	4
509	21	62	52	8	9	50	34	6	49	28	51	12	69	20	25	18	50	23	127	194	54	145	20	5
510	22	55	54	11	8	48	31	5	56	32	45	11	71	19	25	17	44	21	129	177	46	134	21	4
511	22	56	54	10	7	50	35	6	56	31	40	12	69	18	23	21	50	21	141	185	56	146	22	4
512	20	59	56	9	9	57	36	7	52	29	43	15	73	17	24	19	45	26	139	190	51	147	20	3
513	20	57	52	9	7	52	32	6	63	28	43	16	76	17	25	24	43	21	137	199	48	148	21	4
514	19	56	53	12	8	51	36	6	62	28	42	14	74	15	24	22	49	23	152	208	46	145	22	6
515	23	53	51	11	10	62	28	6	68	27	40	17	73	18	23	21	45	23	157	211	47	137	23	5
516	20	68	49	11	10	54	29	5	59	27	39	17	92	16	27	25	47	21	154	200	46	133	25	3
517	20	59	46	11	9	68	31	5	71	28	41	17	83	15	21	28	52	22	167	206	51	133	24	5
518	24	60	48	11	10	68	27	7	69	32	42	16	99	16	25	26	41	24	165	208	52	122	22	4
519	19	65	35	13	10	67	30	6	77	33	46	16	99	14	22	29	45	27	171	201	51	127	22	5
520	22	59	48	15	13	67	34	5	90	30	41	24	108	13	29	28	45	27	185	219	49	136	22	2
521	25	70	42	13	11	71	30	6	100	31	43	24	105	16	26	29	39	32	190	214	52	124	27	4
522	22	64	47	15	11	75	28	6	98	29	43	24	122	17	28	40	38	31	194	223	49	133	26	5
523	23	66	52	15	11	91	30	7	109	33	47	28	122	15	27	35	39	33	191	213	44	133	23	6
524	22	66	52	16	15	88	28	6	112	31	46	31	140	17	25	37	33	34	200	228	49	133	28	6
525	23	72	48	20	10	88	32	7	131	28	39	37	144	17	27	40	35	37	207	224	48	135	32	5
526	25	77	42	18	13	95	22	7	143	29	49	29	149	19	23	43	32	40	205	223	45	119	30	7
527	25	80	49	21	17	101	33	10	141	33	45	33	163	20	20	54	40	39	225	235	49	133	34	5
528	26	67	46	16	13	119	29	8	161	34	48	39	172	20	24	49	37	46	229	241	51	126	32	6
529	25	73	51	18	12	107	35	6	165	30	44	45	182	21	27	58	33	45	225	236	44	119	35	9
530	30	74	59	20	15	117	34	8	173	29	42	43	191	20	26	61	32	49	233	239	48	131	30	9
531	26	70	48	20	14	116	36	11	194	30	43	44	201	23	28	63	26	53	244	240	53	130	30	8
532	27	59	48	20	14	121	35	11	197	34	41	48	219	26	27	72	43	50	238	239	47	129	33	10
533	27	72	38	21	17	137	31	11	201	30	42	54	224	29	28	75	34	53	247	245	45	117	29	8
534	31	63	43	24	14	140	34	10	222	32	49	49	237	33	25	81	37	53	252	251	46	115	34	12
535	28	70	55	23	16	147	38	10	226	34	38	51	229	38	27	89	34	59	259	251	44	114	41	12
536	29	70	54	22	16	145	38	15	235	29	35	50	259	34	28	79	35	64	253	260	45	111	34	15
537	28	85	48	23	18	149	44	14	247	33	47	58	256	43	22	86	31	57	272	267	49	114	34	15
538	34	70	48	25	17	153	46	20	245	31	41	64	269	45	25	84	29	63	274	253	41	125	35	18
539	34	74	54	23	17	158	51	22	254	24	41	61	288	53	25	98	29	64	271	267	48	99	36	18
540	37	72	51	25	21	151	49	23	258	29	38	58	282	53	28	113	33	66	274	260	48	115	32	23
541	36	75	60	24	18	174	59	23	273	34	35	64	282	66	30	104	33	60	282	268	50	108	39	31
542	37	66	50	30	20	168	57	26	277	31	41	70	298	71	26	104	32	65	286	276	48	102	41	26
543	37	69	50	29	21	170	60	29	282	29	40	65	300	78	31	106	30	65	284	263	43	107	35	30
544	43	75	49	26	15	159	61	29	275	38	36	62	293	90	28	111	28	67	297	287	52	98	33	32
545	44	75	45	26	16	163	71	28	270	31	43	76	309	95	29	111	26	71	288	294	43	104	35	38
546	42	73	48	26	23	164	75	38	291	35	35	65	316	105	34	108	31	71	302	276	47	96	36	41
547	47	70	46	29	17	165	82	36	272	28	37	72	299	118	31	110	28	76	313	289	52	103	37	44
548	48	77	52	27	22	154	85	35	263	34	33	72	305	127	27	107	30	59	301	291	46	93	43	45
549	47	70	52	28	18	169	86	39	284	34	31	79	309	132	32	113	23	62	313	288	48	113	39	47
550	52	77	51	32	18	149	95	39	264	35	34	62	299	137	30	117	22	57	318	300	47	89	40	53
551	47	77	50	27	20	152	100	39	286	33	33	71	324	138	31	108	29	61	308	296	39	102	34	54
552	52	84	58	30	20	161	104	41	278	37	28	71	307	150	34	105	26	65	312	294	50	86	37	49
553	54	72	47	32	20	153	110	46	255	37	35	71	315	144	32	113	26	62	314	288	45	96	35	56
554	51	74	55	30	23	159	123	42	254	27	33	77	318	159	34	117	23	64	319	295	45	84	38	58
555	59	74	46	34	19	155	119	42	267	36	38	72	303	169	32	107	22	66	321	305	41	103	34	61
556	53	73	51	31	21	151	121	50	257	31	37	72	317	171	30	107	25	68	328	302	41	90	39	54
557	56	80	60	32	21	147	135	48	247	35	31	70	315	181	41	103	25	62	318	308	50	73	40	60
558	54	69	52	32	20	154	139	43	252	37	26	75	301	177	33	105	30	59	321	312	43	81	39	74
559	56	77	52	29	23	151	144	50	261	31	30	71	304	189	34	97	25	59	332	316	42	83	46	65
560	52	81	48	31	19	158	142	50	238	35	33	80	302	189	37	97	27	63	338	322	44	86	44	63
561	56	73	57	33	24	150	148	49	246	33	27	87	304	193	38	105	24	59	335	307	51	82	41	61
562	57	76	51	36	23	138	175	48	234	36	29	67	301	191	34	109	20	64	342	323	47	84	37	62
563	60	82	50	34	22	133	177	49	231	30	33	79	294	211	36	94	30	56	360	319	48	83	42	62
564	52	79	58	34	22	136	175	53	237	41	25	75	317	214	36	104	21	64	349	320	48	78	40	66
565	56	84	58	32	26	133	163	50	213	32	25	79	305	228	33	100	26	54	342	323	50	77	39	71
566	58	75	58	32	19	149	177	61	242	32	23	71	305	239	35	91	21	55	340	332	46	75	46	66
567	57	73	56	33	25	134	184	62	238	35	22	74	287	254	42	101	16	58	351	317	47	74	44	75
568	62	78	54	36	24	130	189	64	228	35	30	81	302	285	42	92	23	57	365	323	46	87	36	74
569	63	68	57	32	23	133	189	58	211	29	25	82	298	306	41	94	21	52	356	333	49	73	37	79
570	64	73	63	36	22	139	190	69	223	38	23	76	301	304	42	100	22	62	362	342	46	75	30	81
571	67	76	45	32	27	141	207	59	218	38	23	74	278	329	40	89	22	54	351	353	42	72	37	85
572	64	77	51	35	27	129	221	68	225	37	23	90	292	343	39	91	12	56	374	349	49	74	39	93
573	62	80	52	35	24	124	237	73	224	39	22	79	304	392	40	92	20	60	361	349	45	73	42	88
574	69	91	55	40	26	123	202	70	216	36	30	74	296	384	42	87	20	61	361	364	42	78	33	103
575	65	76	54	35	24	129	229	70	219	38	22	75	297	417	38	77	26	50	373	354	45	67	37	114
576	72	68	59	34	19	120	241	74	196	46	29	75	275	442	43	85	17	58	370	343	45	61	46	125
577	69	65	52	36	24	123	238	73	213	39	26	75	288	446	47	88	19	54	384	346	47	66	36	127
578	71	82	55	35	27	127	254	75	194	27	19	79	286	497	42	87	18	50	380	354	40	72	39	151
579	74	80	55	38	24	112	268	77	189	38	26	75	297	543	41	86	16	47	393	367	45	58	37	148
580	72	81	63	32	23	131	262	76	189	39	22	79	295	554	41	78	19	49	387	334	40	64	38	154
581	83	83	57	41	19	114	270	92	206	45	27	75	284	565	38	94	18	55	367	372	48	61	38	160
582	84	74	55	37	23	110	267	85	196	40	17	76	280	604	43	87	21	52	398	358	47	60	41	168
583	85	79	48	33	25	111	262	97	207	36	20	81	286	648	44	90	20	48	402	372	48	64	33	195
584	83	87	58	33	27	120	273	97	185	40	18	77	279	656	43	82	18	48	393	377	42	56	37	201
585	88	82	56	38	23	111	273	87	176	34	22	79	290	644	43	92	19	49	388	357	48	59	29	216
586	81	77	55	39	27	117	274	96	191	33	19	82	280	675	48	81	17	41	378	372	44	57	39	213
587	84	76	57	38	25	113	284	102	174	32	18	81	272	712	49	84	16	49	392	389	53	54	35	230
588	86	87	50	36	30	106	289	93	191	35	23	81	273	691	47	85	15	45	406	367	49	50	43	242
589	90	69	60	43	27	108	286	94	167	35	19	80	276	689	41	85	15	48	390	373	37	69	44	246
590	96	74	62	38	25	113	279	101	183	36	17	77	267	714	47	75	17	47	408	388	54	38	35	269
591	91	90	55	38	26	113	277	101	176	36	12	82	294	669	45	74	13	48	395	377	40	59	43	272
592	86	88	52	36	28	93	283	100	172	38	23	81	273	692	45	76	22	48	411	387	46	56	40	279
593	95	84	57	39	25	103	286	94	167	41	18	78	286	707	46	78	19	44	412	365	43	47	47	276
594	92	84	55	47	26	102	280	104	171	38	27	82	274	684	41	74	9	46	405	374	49	49	37	290
595	88	89	62	35	26	87	268	112	167	39	19	75	277	690	46	72	14	40	411	383	44	54	36	285
596	84	83	49	40	25	99	274	100	174	41	21	86	257	651	42	77	20	45	422	378	44	52	44	313
597	87	76	58	43	30	94	288	104	168	37	20	85	276	679	42	78	21	47	429	370	50	46	48	293
598	97	85	55	42	24	89	270	104	163	38	16	79	272	640	49	72	15	33	421	387	48	44	43	315
599	94	90	54	35	35	104	277	105	145	38	21	75	260	654	51	60	18	39	416	405	48	61	41	316
600	88	84	50	42	27	87	296	103	159	42	12	83	279	635	51	67	18	46	416	397	48	50	33	306
601	93	80	55	30	24	90	265	104	158	43	21	94	293	619	43	73	11	34	434	393	47	56	41	304
602	89	84	51	38	23	96	269	89	155	39	17	74	261	622	55	75	23	45	430	397	49	44	45	326
603	83	83	56	40	27	87	269	98	156	31	17	82	257	584	48	70	15	40	425	409	48	48	36	295
604	92	81	52	36	26	93	254	101	155	37	17	81	268	555	51	65	17	31	457	405	40	49	35	296
605	85	86	59	38	30	94	275	92	158	52	16	88	279	586	45	57	16	40	437	406	48	52	43	287
606	90	80	54	36	28	81	253	93	145	39	11	82	293	559	48	53	15	41	426	411	50	50	46	312
607	87	74	52	33	26	87	261	94	134	38	20	95	261	553	49	65	15	37	450	428	51	41	31	312
608	91	94	61	39	31	82	238	89	145	39	14	87	262	511	50	62	13	42	448	404	55	40	39	305
609	87	87	48	41	24	89	240	89	142	39	20	87	268	496	45	58	20	35	440	427	55	44	47	293
610	83	84	50	36	26	76	262	91	139	37	11	85	268	494	52	59	11	35	443	402	40	44	42	279
611	78	71	51	41	22	84	227	80	134	43	16	91	277	500	49	60	11	33	439	392	48	30	37	290
612	75	82	70	36	24	83	232	80	139	33	11	87	275	436	38	61	11	37	443	409	40	44	34	254
613	78	94	48	43	26	84	230	87	140	40	17	86	253	454	50	56	11	30	450	407	39	44	40	235
614	79	75	44	39	26	75	234	74	134	37	16	90	256	414	48	64	12	35	450	415	43	38	38	249
615	77	86	61	44	25	80	222	85	132	32	13	86	257	406	43	56	11	32	454	430	44	23	33	248
616	82	75	47	35	19	77	220	77	114	39	13	85	258	372	51	54	9	38	460	404	44	38	48	241
617	87	95	53	40	30	65	210	69	107	36	15	81	264	389	46	52	11	33	452	414	49	41	38	232
618	86	94	51	36	20	72	216	75	123	33	18	83	253	350	49	59	11	31	442	407	38	38	35	246
619	77	76	49	41	24	70	211	76	130	40	9	93	247	327	47	57	18	34	445	414	44	42	44	198
620	76	87	46	37	24	69	201	73	117	34	17	86	251	320	43	46	14	25	464	423	36	37	33	206
621	71	83	54	41	23	69	214	64	124	41	16	88	227	323	50	45	14	30	446	415	57	25	38	205
622	73	95	54	38	28	59	188	70	124	37	12	80	238	292	46	49	20	35	466	426	41	41	36	196
623	75	84	45	38	23	78	223	67	120	35	11	86	252	302	45	55	14	35	473	405	44	32	35	190
624	78	84	55	42	26	73	199	69	118	32	13	92	251	290	48	48	11	29	447	416	45	26	31	204
625	81	89	48	40	29	65	181	63	107	32	7	90	245	292	42	48	15	24	455	435	45	28	39	193
626	80	81	50	37	29	63	219	66	110	35	14	101	250	260	48	49	13	34	470	416	40	32	43	171
627	75	85	53	47	25	65	208	58	104	38	19	85	250	253	40	42	15	31	462	418	51	33	30	172
628	82	92	55	45	27	63	190	69	111	34	5	87	269	240	50	50	16	25	470	429	44	29	33	171
629	77	79	50	42	26	65	207	64	97	35	13	89	242	244	40	53	10	35	459	421	39	34	31	158
630	75	94	61	44	28	59	206	65	102	36	10	88	264	239	43	47	16	25	452	426	38	34	33	157
631	71	86	47	43	31	66	207	54	111	38	8	89	245	246	45	48	12	31	515	431	38	25	41	161
632	71	87	51	36	26	57	192	52	107	33	15	87	241	219	49	42	15	30	500	436	41	28	36	150
633	71	78	45	43	26	66	204	54	98	42	6	101	235	201	44	43	9	25	482	424	43	27	37	144
634	68	88	51	35	25	59	196	54	98	39	10	87	249	207	44	47	8	25	454	412	40	31	30	141
635	67	78	38	39	23	64	193	55	93	29	13	109	239	201	48	45	16	29	492	428	44	29	45	132
636	62	87	52	37	22	62	181	54	96	40	13	94	241	204	46	48	17	39	474	416	44	30	37	133
637	84	92	44	38	25	56	211	53	97	31	10	97	247	186	45	40	12	28	475	414	36	32	31	124
638	83	109	46	31	22	63	198	45	86	36	10	85	234	183	49	46	10	27	485	415	40	24	29	130
639	75	81	50	36	19	55	186	45	92	32	12	79	244	171	45	39	11	30	463	426	34	29	36	128
640	74	80	56	33	24	53	169	48	95	30	7	87	235	169	48	47	11	24	480	402	38	32	50	120
641	78	82	48	35	25	47	190	47	84	32	7	83	234	161	51	43	16	20	459	456	44	33	41	110
642	70	85	50	40	27	47	190	49	77	39	12	93	256	142	44	34	7	27	455	440	36	19	40	115
643	73	81	53	37	26	55	187	38	69	31	6	87	222	149	47	47	12	23	496	439	34	38	30	106
644	73	88	51	39	23	47	179	41	86	38	10	88	251	152	40	38	13	19	466	439	42	23	27	119
645	66	83	53	36	25	47	171	39	87	30	10	83	221	132	48	37	9	31	476	429	33	32	35	108
646	69	73	46	35	20	46	170	40	74	36	12	92	226	126	47	40	13	16	472	436	37	31	35	106
647	73	80	50	40	22	47	170	44	78	23	17	87	229	119	43	42	15	20	485	420	40	21	30	105
648	71	76	45	33	24	46	173	43	82	35	10	89	243	130	42	38	16	23	463	427	36	31	23	105
649	78	79	51	38	20	41	158	43	72	36	8	87	226	113	42	41	10	24	495	428	44	29	29	96
650	65	69	49	38	26	49	174	42	68	41	17	78	249	113	38	32	8	17	449	435	41	25	29	95
651	67	74	40	34	25	50	159	43	73	31	11	85	241	100	41	28	15	18	495	444	44	35	28	89
652	79	87	41	39	21	47	168	41	70	27	11	80	230	111	41	32	9	24	476	425	33	26	30	80
653	68	96	33	40	24	49	162	28	69	29	9	85	227	103	40	38	11	18	489	456	41	28	36	75
654	83	67	54	34	22	46	151	34	80	22	14	88	225	96	45	33	14	20	471	424	40	31	27	80
655	65	68	52	34	22	41	164	31	66	38	3	94	225	104	39	30	16	24	488	436	49	23	39	74
656	72	81	58	38	25	39	179	30	61	28	9	78	230	99	50	31	7	17	492	423	34	23	28	72
657	59	83	47	36	24	45	158	31	66	38	8	90	231	90	43	30	18	23	480	422	44	28	47	78
658	71	87	48	36	20	39	157	32	82	34	5	75	215	87	39	30	5	22	465	444	45	16	22	74
659	64	70	47	35	23	31	141	27	78	36	12	95	220	84	40	36	11	24	482	429	55	34	28	65
660	71	90	46	42	23	33	158	34	80	29	9	84	229	88	44	33	3	19	494	446	46	26	30	61
661	67	81	39	38	22	41	158	31	60	29	4	92	231	77	37	29	5	16	488	424	32	24	21	69
662	67	76	43	43	26	39	177	35	65	26	11	98	234	74	44	36	11	11	478	447	39	19	36	59
663	70	69	53	39	27	46	156	35	70	24	0	75	238	67	38	26	10	20	457	439	27	25	34	58
664	60	95	40	38	17	41	158	19	61	31	6	86	209	78	41	34	13	22	488	432	45	29	54	52
665	64	70	49	36	18	45	140	31	53	24	9	90	233	69	34	28	10	17	482	448	39	24	28	55
666	57	75	49	36	23	34	155	25	58	26	6	99	230	90	40	26	7	26	525	418	40	25	33	50
667	64	72	47	32	23	30	167	25	51	38	8	78	229	74	37	27	7	22	463	437	44	14	27	57
668	62	85	40	39	19	28	156	22	64	25	4	82	248	64	35	36	9	15	491	458	43	30	29	48
669	64	57	44	28	19	35	157	31	50	30	0	100	252	63	30	25	10	22	458	431	40	15	32	58
670	54	97	41	45	18	26	146	31	57	27	9	88	199	48	41	26	10	22	497	420	32	20	26	51

