Wavelength	A1	C1	E1	G1	A2	C2	E2	G2	A3	E3	A4	C4	G4	A5	C5	C6	E6	A7	C7	E7	G7	C8	E8	G8	C9	G9	A10	C10	G10	E11	G11	A12	C12	E12	G12
540	19856	1712	21598	6650	18976	18106	12077	11187	512	1264	945	827	662	13705	1562	838	3696	760	8588	950	674	18810	8082	3036	551	6286	2168	1918	2546	20054	9837	1050	926	439	20440
541	19714	1718	21706	6644	19212	18165	12195	11108	497	1252	945	830	654	13615	1585	813	3731	776	8602	981	696	18746	8079	3108	552	6301	2194	1887	2529	19821	9882	1083	929	440	20238
542	19752	1749	21485	6565	19128	18343	12023	11146	513	1261	955	842	668	13652	1611	830	3735	775	8560	974	693	18685	7991	3133	574	6236	2214	1938	2533	19791	9648	1088	925	458	20373
543	19903	1741	21329	6650	18947	18240	11842	11109	518	1288	942	857	703	13648	1634	865	3794	784	8519	999	730	18592	8062	3093	570	6269	2202	1894	2585	19717	9775	1084	953	466	20415
544	19926	1784	21376	6573	19016	18113	11913	10977	533	1290	925	869	702	13489	1666	838	3772	811	8450	1036	745	18328	7960	3094	586	6218	2253	1897	2571	19757	9745	1092	981	474	20446
545	19847	1793	21143	6466	18943	17981	11862	10932	531	1313	971	890	718	13489	1671	864	3841	816	8468	1068	757	18361	7977	3108	601	6192	2289	1903	2599	19497	9694	1110	967	493	20302
546	19859	1823	21060	6476	18836	17950	11786	10920	537	1303	942	874	744	13382	1717	871	3821	822	8445	1075	809	18196	7910	3109	610	6150	2289	1909	2574	19534	9650	1140	993	502	20334
547	19727	1869	20908	6509	18769	17866	11722	10730	551	1342	958	883	754	13371	1701	887	3917	834	8486	1097	792	18156	7915	3119	611	6101	2282	1886	2593	19347	9554	1143	990	515	20399
548	19677	1873	20905	6436	18624	17673	11615	10764	557	1370	996	895	778	13327	1762	886	3951	859	8432	1120	805	18100	7856	3111	628	6091	2332	1896	2615	19184	9570	1148	1024	533	20385
549	19554	1867	20737	6444	18554	17548	11662	10719	581	1369	975	905	815	13186	1769	913	3988	858	8326	1187	838	17873	7974	3109	641	6043	2326	1875	2586	19150	9481	1153	1021	542	20386
550	19440	1901	20679	6331	18405	17598	11404	10664	559	1431	979	917	838	13099	1842	925	3941	908	8304	1215	864	17744	7773	3095	659	6054	2366	1941	2622	18917	9434	1150	1031	573	20610
551	19335	1945	20426	6376	18278	17310	11345	10526	583	1440	973	935	851	13092	1829	950	4019	901	8252	1243	855	17703	7762	3116	675	6021	2361	1892	2639	18761	9351	1164	1036	583	20400
552	19202	1980	20236	6322	18023	17090	11394	10472	586	1469	1004	969	865	12880	1868	961	4038	950	8129	1299	916	17421	7639	3094	693	5936	2367	1881	2684	18572	9324	1205	1077	580	20602
553	18943	2021	20041	6223	18082	17045	11272	10397	587	1487	990	994	900	12813	1883	969	4082	969	8076	1335	934	17303	7642	3097	718	5918	2371	1903	2662	18537	9182	1197	1085	609	20568
554	18916	2078	19879	6186	17732	16876	11181	10350	586	1494	1012	989	935	12605	1921	957	4118	963	8100	1387	935	17131	7672	3069	728	5899	2426	1860	2668	18394	9229	1211	1080	603	20699
555	18695	2118	19680	6151	17780	16755	11046	10280	590	1595	1003	1008	958	12671	1944	987	4166	1000	7950	1390	946	16949	7525	3107	727	5822	2443	1848	2726	18105	9026	1238	1106	634	20583
556	18605	2133	19497	6146	17613	16683	10955	10121	592	1615	1021	1007	973	12537	1976	988	4259	1039	7930	1496	959	16716	7563	3114	740	5790	2423	1855	2768	18141	8979	1236	1119	621	20541
557	18420	2193	19279	6107	17448	16416	10730	10116	595	1663	1012	1056	1018	12438	2009	1025	4275	1056	7927	1546	1004	16654	7460	3125	776	5771	2457	1822	2761	17845	8981	1246	1122	623	20825
558	18397	2216	19151	6065	17285	16204	10910	10005	622	1717	1037	1052	1049	12186	2057	1010	4285	1078	7850	1570	1024	16494	7481	3089	795	5781	2444	1865	2794	17772	8903	1272	1156	664	20682
559	17994	2293	19286	5947	17221	16186	10778	9859	606	1773	1044	1070	1039	12218	2070	1007	4337	1087	7735	1627	1072	16276	7430	3074	790	5700	2491	1864	2874	17682	8800	1298	1150	652	20706
560	17918	2339	19099	5973	17034	15924	10605	9871	638	1867	1043	1119	1076	12221	2082	1072	4379	1121	7716	1693	1061	16095	7324	3111	790	5683	2501	1841	2929	17427	8711	1319	1161	680	20714
561	17918	2374	18789	5901	16837	15889	10469	9827	623	1882	1048	1133	1132	11977	2103	1056	4515	1159	7620	1761	1127	15990	7324	3150	816	5703	2504	1859	2930	17302	8657	1295	1191	672	20638
562	17675	2454	18686	5886	16678	15721	10438	9689	652	1978	1091	1173	1136	11986	2153	1067	4436	1213	7584	1812	1120	16000	7341	3132	827	5624	2527	1820	2975	17231	8654	1320	1221	668	20760
563	17501	2466	18440	5787	16464	15603	10400	9744	653	2003	1096	1195	1197	11906	2169	1095	4513	1257	7465	1882	1121	15853	7343	3098	851	5604	2604	1804	3075	16814	8583	1349	1253	701	20543
564	17392	2530	18266	5769	16511	15449	10254	9526	665	2122	1130	1246	1250	11778	2193	1090	4482	1281	7548	1944	1157	15643	7254	3171	820	5500	2580	1919	3071	16719	8567	1352	1257	712	20644
565	17268	2581	18075	5803	16223	15240	10209	9490	677	2204	1145	1253	1275	11601	2236	1105	4540	1317	7368	2006	1184	15505	7272	3207	893	5590	2633	1861	3133	16622	8413	1415	1270	708	20582
566	16999	2611	17775	5685	16050	15143	10031	9416	703	2261	1146	1337	1315	11499	2265	1146	4616	1346	7407	2082	1193	15328	7283	3305	910	5448	2718	1889	3210	16446	8338	1478	1307	758	20286
567	16848	2689	17731	5651	15850	14990	9900	9314	725	2353	1228	1376	1349	11352	2299	1146	4654	1407	7268	2187	1236	15133	7267	3320	933	5320	2743	1896	3243	16313	8314	1452	1352	783	20128
568	16731	2724	17492	5587	15768	14844	9855	9236	744	2481	1248	1383	1368	11373	2312	1180	4620	1475	7157	2259	1252	15112	7248	3359	980	5343	2838	1979	3280	16202	8195	1529	1442	828	19933
569	16420	2772	17288	5514	15544	14513	9640	9110	754	2596	1259	1452	1441	11150	2312	1189	4662	1507	7106	2306	1283	15116	7183	3420	1014	5365	2937	1988	3374	15988	8122	1562	1456	858	19702
570	16145	2872	17073	5413	15314	14436	9652	9083	773	2702	1302	1508	1448	11004	2356	1192	4688	1591	7154	2409	1326	14812	7225	3475	1029	5202	3038	2014	3410	15783	8127	1628	1533	899	19529
571	15852	2913	16709	5345	15273	14157	9512	8901	824	2791	1395	1537	1513	10935	2388	1256	4672	1629	6935	2481	1345	14585	7339	3547	1112	5197	3100	2032	3464	15523	7888	1721	1577	923	19275
572	15737	2927	16677	5249	14972	13944	9400	8854	862	2930	1430	1625	1537	10720	2379	1287	4703	1700	6891	2568	1378	14609	7263	3594	1142	5153	3312	2085	3553	15463	7881	1807	1626	1001	19019
573	15615	2948	16410	5280	14784	13837	9319	8715	878	3006	1464	1693	1614	10568	2395	1303	4734	1801	6711	2678	1406	14479	7219	3720	1236	5060	3411	2207	3613	15239	7749	1875	1712	1035	18875
574	15468	3053	16174	5194	14498	13640	9129	8463	940	3155	1528	1750	1673	10529	2459	1340	4665	1853	6702	2776	1377	14230	7352	3795	1278	5039	3583	2221	3672	14947	7616	1945	1798	1097	18647
575	15158	3034	15945	5178	14488	13477	8982	8470	987	3255	1635	1843	1684	10285	2445	1408	4668	1938	6594	2816	1460	14191	7345	3957	1329	4976	3709	2298	3751	14822	7519	2057	1895	1170	18247
576	14970	3084	15844	5057	14372	13386	9056	8394	1045	3419	1641	1920	1761	10314	2530	1434	4723	1997	6578	2887	1462	14164	7347	4035	1429	4922	3842	2379	3794	14610	7463	2116	1967	1212	18109
577	14921	3101	15611	5028	14066	13111	8840	8270	1089	3525	1746	2005	1864	9960	2533	1504	4792	2044	6408	2978	1529	14209	7413	4183	1532	4838	3958	2462	3829	14509	7443	2289	2107	1292	17841
578	14805	3239	15593	5004	14036	13098	8826	8221	1158	3597	1839	2050	1886	10128	2575	1510	4779	2178	6483	3048	1553	14032	7574	4283	1584	4847	4178	2566	3932	14379	7287	2340	2197	1396	17545
579	14553	3254	15482	4956	13732	13078	8694	8166	1197	3736	1875	2203	1940	9990	2587	1590	4758	2241	6435	3134	1590	14053	7623	4447	1654	4775	4346	2577	3968	14153	7219	2480	2310	1498	17436
580	14512	3284	15224	4966	13597	12967	8577	7962	1258	3849	1926	2210	2039	9879	2646	1653	4785	2352	6328	3214	1590	13993	7655	4610	1783	4752	4487	2696	4071	14177	7161	2570	2433	1523	17336
581	14336	3264	15127	4800	13471	12540	8553	8014	1334	3931	1988	2323	2114	9753	2659	1674	4786	2465	6248	3224	1659	13922	7785	4740	1913	4667	4714	2817	4091	13867	7185	2804	2528	1632	17062
582	14198	3295	14937	4726	13419	12481	8379	7963	1375	4030	2074	2429	2233	9633	2666	1771	4722	2561	6217	3351	1671	13775	7778	4852	2002	4622	4809	2844	4082	13854	7091	2834	2660	1763	16878
583	14012	3310	14603	4710	13242	12323	8337	7781	1468	4153	2225	2535	2213	9510	2711	1800	4700	2619	6115	3339	1698	13619	7851	5040	2123	4596	5036	2963	4160	13534	6959	3006	2771	1814	16618
584	13965	3285	14685	4727	13198	12254	8272	7712	1544	4181	2217	2594	2319	9450	2656	1830	4791	2669	6109	3419	1724	13742	7872	5165	2221	4571	5300	3059	4116	13504	6917	3120	2886	1913	16259
585	13728	3365	14380	4685	12995	12053	8195	7618	1576	4202	2318	2679	2393	9380	2720	1863	4688	2747	5976	3451	1727	13582	7884	5314	2290	4497	5451	3165	4269	13325	6701	3182	2964	1911	16156
586	13530	3332	14096	4520	12743	12018	8016	7522	1653	4275	2387	2717	2400	9186	2749	1929	4679	2901	5924	3507	1798	13498	7985	5332	2409	4450	5536	3180	4206	13081	6787	3295	3079	2034	15960
587	13331	3323	14003	4580	12565	11794	7862	7445	1732	4361	2435	2843	2458	9066	2737	1965	4655	2865	5789	3533	1781	13459	7975	5452	2482	4380	5705	3212	4266	12790	6700	3400	3162	2132	15644
588	13167	3305	13808	4460	12365	11725	7860	7369	1783	4323	2498	2864	2504	8937	2689	2001	4546	2951	5721	3539	1841	13349	7966	5539	2626	4298	5751	3272	4215	12677	6496	3601	3229	2200	15437
589	13028	3297	13443	4405	12183	11466	7687	7242	1839	4324	2571	2893	2564	8757	2714	2040	4591	3059	5700	3560	1877	13091	7930	5595	2686	4317	5843	3395	4155	12497	6414	3601	3291	2252	15134
590	12829	3246	13419	4389	12014	11200	7549	7113	1906	4303	2603	2945	2608	8518	2713	2072	4484	3084	5605	3485	1812	12964	7900	5630	2779	4272	5977	3417	4171	12304	6346	3695	3343	2298	14748
591	12447	3282	13199	4262	11951	11092	7451	7058	1918	4325	2606	3057	2610	8492	2755	2090	4457	3103	5493	3560	1829	12834	7965	5639	2850	4143	5959	3452	4151	12150	6328	3713	3428	2335	14433
592	12266	3230	12928	4191	11525	10817	7212	6807	1973	4376	2662	3117	2634	8398	2727	2146	4407	3127	5428	3572	1821	12650	7963	5641	2968	3947	5951	3531	4089	11922	6120	3801	3463	2390	14323
593	12202	3153	12743	4152	11483	10733	7265	6684	2008	4261	2690	3074	2700	8375	2664	2164	4344	3202	5421	3487	1861	12465	7916	5659	2953	3992	5873	3527	4172	11741	6060	3886	3475	2407	14011
594	12025	3154	12629	4034	11253	10617	7077	6740	2039	4182	2685	3148	2667	8111	2689	2226	4296	3217	5304	3441	1841	12390	7849	5723	3032	3937	6014	3558	4093	11558	5947	3936	3510	2469	13857
595	11853	3167	12395	4070	11174	10495	7073	6620	2050	4255	2650	3171	2706	8097	2626	2194	4270	3194	5231	3428	1863	12334	7820	5693	3143	3938	5981	3538	4039	11447	5863	3840	3547	2469	13600
596	11649	3104	12173	4059	10971	10449	6981	6534	2087	4182	2748	3167	2753	7942	2626	2190	4186	3244	5161	3402	1830	12103	7852	5714	3226	3892	5985	3601	4069	11246	5834	3939	3575	2555	13460
597	11567	3131	12062	3959	11056	10105	7041	6466	2126	4195	2647	3195	2768	7826	2600	2184	4151	3326	5093	3389	1858	12067	7788	5674	3181	3848	5878	3619	3993	11251	5782	3933	3560	2518	13216
598	11454	3042	11957	3879	10762	10085	6827	6461	2128	4121	2682	3160	2779	7836	2635	2244	4199	3269	4965	3384	1858	11952	7886	5654	3261	3822	5966	3597	4080	11032	5723	3899	3564	2514	13035
599	11219	3039	11932	3961	10659	10003	6717	6319	2187	4045	2679	3261	2787	7803	2576	2219	4242	3315	5050	3328	1830	11821	7780	5673	3307	3776	6000	3564	3889	10876	5623	3946	3548	2561	12963
600	11056	3025	11757	3867	10652	9789	6695	6277	2168	3998	2719	3181	2761	7570	2574	2221	4135	3284	4965	3296	1797	11786	7693	5637	3295	3739	5904	3614	3955	10786	5601	3977	3609	2521	12658
601	11131	3046	11555	3810	10498	9753	6715	6165	2182	3979	2700	3221	2722	7557	2522	2229	4013	3259	4836	3312	1790	11688	7819	5595	3286	3755	5812	3564	3960	10703	5526	3968	3543	2555	12657
602	11021	2964	11417	3784	10478	9650	6530	6070	2180	3956	2674	3178	2737	7492	2503	2238	4014	3204	4845	3185	1772	11534	7729	5549	3299	3613	5754	3598	3895	10562	5556	3935	3539	2522	12462
603	10788	2929	11476	3758	10259	9517	6510	5976	2198	3893	2669	3180	2766	7379	2481	2206	3887	3246	4858	3186	1758	11545	7653	5441	3255	3630	5723	3469	3880	10406	5400	3876	3495	2523	12203
604	10513	2923	11107	3717	10191	9567	6404	5902	2215	3790	2624	3123	2724	7235	2457	2202	3954	3243	4715	3151	1743	11306	7697	5413	3254	3568	5508	3410	3844	10310	5332	3927	3455	2477	12168
605	10615	2834	11119	3713	9970	9281	6268	5992	2196	3805	2612	3150	2701	7167	2420	2160	3823	3176	4611	3080	1736	11170	7484	5332	3227	3499	5487	3490	3802	10208	5286	3848	3415	2477	12084
606	10530	2845	10846	3613	9822	9197	6216	5931	2184	3689	2550	3086	2701	7131	2341	2202	3812	3088	4595	3015	1718	11108	7486	5211	3233	3459	5492	3427	3768	10008	5269	3824	3385	2425	11769
607	10381	2822	10745	3533	9795	9166	6167	5850	2125	3600	2519	3070	2708	6943	2343	2138	3781	3064	4556	2989	1724	10770	7418	5214	3218	3474	5327	3459	3680	9928	5071	3742	3372	2397	11725
608	10064	2728	10627	3514	9533	8900	6111	5713	2093	3544	2493	3007	2642	6890	2298	2125	3652	3037	4514	2969	1684	10540	7242	5100	3207	3380	5268	3324	3622	9681	5107	3644	3194	2332	11444
609	10012	2759	10408	3390	9339	8806	5882	5548	2113	3471	2421	2982	2569	6655	2299	2085	3639	2992	4435	2875	1650	10536	7115	4996	3085	3346	5136	3266	3597	9644	4965	3592	3210	2305	11365
610	9861	2725	10210	3434	9269	8543	5916	5513	2095	3387	2409	2909	2541	6663	2184	2001	3582	2924	4377	2769	1604	10278	7032	4914	3102	3311	5053	3211	3507	9429	4920	3552	3130	2297	11081
611	9553	2654	10052	3358	9145	8422	5788	5487	2035	3276	2371	2788	2530	6686	2130	2017	3507	2903	4259	2733	1591	10081	6926	4818	2995	3238	4981	3103	3453	9227	4777	3514	3073	2184	10930
612	9419	2637	9842	3243	8937	8271	5701	5344	2026	3191	2314	2806	2414	6431	2137	1989	3473	2835	4194	2666	1539	9957	6804	4731	2879	3214	4828	3088	3396	9156	4746	3410	3015	2164	10642
613	9248	2550	9742	3246	8759	8200	5590	5259	1962	3143	2244	2710	2402	6353	2103	1951	3364	2735	4029	2569	1571	9811	6741	4602	2834	3133	4732	3055	3355	8959	4639	3361	2931	2112	10410
614	9083	2516	9565	3113	8734	8017	5471	5120	1935	3074	2219	2672	2329	6241	2051	1878	3344	2688	4104	2541	1511	9636	6569	4520	2777	3102	4595	2928	3252	8848	4571	3291	2878	2056	10220
615	8923	2443	9456	3127	8564	7964	5302	5012	1921	3005	2138	2607	2317	6235	2025	1858	3311	2660	3988	2507	1485	9422	6482	4448	2674	3024	4502	2942	3198	8627	4477	3185	2821	2019	10140
616	8866	2400	9218	3050	8436	7803	5282	4972	1814	3005	2163	2572	2328	5977	2006	1793	3147	2540	3949	2420	1485	9324	6412	4298	2709	3018	4357	2818	3176	8430	4475	3132	2723	1966	9918
617	8642	2424	8919	3076	8301	7684	5292	4859	1801	2900	2152	2509	2170	6021	1916	1793	3129	2555	3916	2412	1429	9118	6279	4186	2620	2854	4279	2796	3092	8461	4345	3044	2690	1821	9770
618	8528	2407	8856	3034	8129	7647	5143	4804	1792	2829	2053	2489	2163	5858	1906	1741	3111	2461	3919	2364	1411	9094	6221	4166	2511	2864	4186	2725	3046	8243	4317	3017	2620	1900	9724
619	8419	2348	8858	2938	8054	7478	5096	4770	1781	2749	2022	2393	2116	5844	1850	1750	3046	2412	3784	2291	1447	8878	6097	4052	2513	2826	4146	2713	3045	8241	4253	2897	2604	1842	9491
620	8334	2299	8708	2899	7829	7383	4993	4672	1697	2727	1964	2351	2119	5607	1830	1720	2975	2380	3784	2216	1368	8645	5988	3996	2453	2809	4041	2610	3010	8045	4206	2912	2525	1736	9351
621	8170	2299	8545	2910	7746	7270	4913	4560	1704	2659	1986	2298	2055	5685	1820	1694	3013	2329	3632	2180	1374	8623	5893	3903	2445	2727	3965	2621	2945	8068	4154	2822	2493	1776	9306
622	8135	2263	8371	2848	7856	7136	4864	4609	1680	2587	1905	2285	2061	5484	1781	1610	2939	2268	3682	2079	1319	8470	5789	3832	2351	2746	3846	2588	2859	7793	4111	2730	2467	1722	9119
623	8043	2243	8294	2728	7698	7078	4782	4482	1641	2555	1885	2210	1987	5510	1762	1616	2890	2224	3590	2110	1308	8395	5749	3824	2315	2689	3799	2526	2874	7785	4078	2717	2419	1702	9051
624	7884	2211	8198	2840	7484	7002	4745	4405	1607	2556	1833	2195	1920	5427	1717	1582	2880	2216	3553	2065	1280	8267	5735	3693	2245	2714	3725	2469	2862	7691	4039	2647	2370	1627	8805
625	7738	2139	8232	2713	7409	6879	4684	4431	1561	2433	1813	2133	1933	5320	1704	1519	2817	2178	3537	2004	1285	8250	5548	3732	2234	2603	3741	2435	2783	7603	3885	2614	2374	1613	8860
626	7645	2160	8071	2738	7434	6784	4585	4391	1546	2415	1755	2145	1900	5260	1679	1509	2800	2139	3504	2020	1258	8038	5490	3583	2184	2630	3647	2342	2774	7326	3940	2579	2262	1531	8667
627	7633	2136	7875	2683	7202	6712	4587	4398	1531	2386	1742	2033	1858	5168	1656	1480	2728	2078	3514	1950	1250	8070	5442	3506	2111	2604	3563	2347	2735	7349	3789	2555	2209	1524	8488
628	7572	2103	7898	2692	7058	6590	4518	4261	1479	2350	1726	2006	1805	5189	1633	1443	2712	2062	3373	1947	1234	7914	5386	3483	2075	2555	3479	2302	2651	7217	3788	2488	2188	1489	8426
629	7470	2099	7758	2609	7073	6518	4425	4196	1447	2346	1690	1966	1785	5029	1574	1410	2712	2045	3296	1916	1227	7846	5337	3436	2011	2484	3416	2281	2691	7049	3661	2461	2138	1465	8436
630	7154	2046	7650	2530	6914	6279	4410	4151	1432	2270	1639	1928	1702	5000	1547	1419	2572	1935	3276	1828	1192	7766	5164	3373	1994	2495	3314	2217	2631	7093	3699	2390	2111	1435	8145
631	7164	2045	7582	2550	6804	6361	4211	4046	1372	2224	1612	1862	1706	4928	1538	1334	2586	1940	3234	1835	1194	7481	5072	3284	1930	2454	3267	2179	2605	7046	3697	2326	2081	1386	8080
632	7033	2026	7499	2473	6794	6270	4281	4036	1352	2119	1567	1832	1677	4836	1512	1338	2491	1871	3201	1770	1143	7318	4980	3187	1897	2356	3274	2153	2532	6888	3605	2271	1979	1386	7937
633	6866	1956	7235	2440	6686	6167	4128	3916	1343	2086	1542	1802	1634	4784	1510	1320	2521	1814	3155	1762	1123	7309	4857	3250	1812	2392	3170	2067	2478	6723	3509	2230	1983	1313	7753
634	6797	1928	7026	2408	6539	6028	4136	3834	1316	2035	1504	1804	1582	4759	1491	1313	2411	1816	3060	1712	1124	7071	4847	3066	1827	2304	3008	2015	2436	6517	3428	2167	1926	1312	7614
635	6635	1895	7099	2351	6358	5935	3942	3722	1295	2060	1454	1763	1578	4633	1460	1286	2399	1691	2986	1681	1084	7015	4762	3012	1782	2334	2980	1995	2402	6485	3404	2149	1908	1271	7395
636	6611	1880	6793	2352	6237	5810	3964	3657	1270	2028	1442	1706	1531	4486	1415	1229	2298	1727	2919	1633	1115	6861	4628	2970	1723	2277	2931	1953	2333	6328	3332	2096	1787	1233	7351
637	6449	1858	6701	2283	6173	5576	3879	3620	1213	1945	1403	1610	1519	4472	1354	1185	2350	1650	2889	1617	1056	6640	4531	2867	1664	2260	2862	1908	2321	6016	3283	1998	1779	1208	7189
638	6373	1718	6586	2276	6030	5665	3855	3595	1219	1929	1381	1613	1462	4340	1377	1164	2295	1634	2898	1569	1015	6566	4456	2841	1655	2166	2815	1852	2257	6051	3247	1931	1716	1171	7126
639	6265	1750	6418	2249	5904	5428	3812	3567	1203	1802	1359	1563	1412	4277	1332	1166	2251	1545	2752	1513	1051	6515	4322	2743	1583	2143	2731	1872	2226	5906	3055	1941	1709	1147	6862
640	6138	1749	6377	2139	5872	5332	3651	3474	1117	1762	1315	1501	1391	4222	1274	1133	2158	1563	2799	1447	987	6356	4190	2715	1559	2083	2684	1803	2201	5898	3109	1823	1654	1113	6793
641	6038	1769	6284	2129	5774	5225	3637	3400	1128	1744	1305	1478	1372	4141	1249	1100	2165	1538	2650	1454	1005	6109	4243	2700	1500	2040	2639	1754	2184	5852	3027	1829	1604	1061	6721
642	5871	1679	6267	2107	5660	5200	3610	3417	1069	1738	1258	1457	1318	4208	1222	1078	2107	1509	2662	1455	937	6139	4106	2589	1481	2053	2554	1719	2059	5726	3071	1794	1570	1057	6643
643	5834	1686	6124	2093	5511	5146	3463	3357	1046	1748	1246	1424	1311	4028	1290	1037	2056	1508	2598	1415	947	6000	4026	2563	1461	2110	2505	1673	2113	5536	2955	1807	1513	1020	6508
644	5612	1652	6022	2058	5474	5168	3439	3223	1053	1648	1198	1449	1288	3899	1213	1028	2044	1411	2617	1383	967	5924	3991	2529	1371	1984	2462	1711	2071	5435	2873	1713	1496	1022	6433
645	5632	1646	5829	2018	5398	4815	3335	3111	1025	1623	1207	1370	1276	3927	1214	1020	1992	1435	2567	1347	896	5877	3869	2456	1381	1941	2430	1632	2039	5438	2804	1656	1432	984	6294
646	5482	1580	5901	1950	5289	4795	3256	3145	1007	1632	1145	1330	1242	3862	1146	1045	1919	1398	2544	1374	905	5708	3857	2445	1322	1927	2386	1582	2011	5318	2834	1615	1435	1000	6231
647	5483	1588	5813	1937	5196	4874	3295	3136	983	1590	1149	1331	1189	3772	1164	976	1982	1345	2431	1296	869	5691	3785	2359	1296	1885	2339	1575	1978	5290	2814	1642	1447	928	6016
648	5411	1565	5655	1959	5168	4778	3340	2980	944	1548	1157	1282	1188	3741	1166	962	1940	1335	2401	1288	853	5627	3737	2309	1276	1879	2262	1565	1934	5154	2777	1551	1392	920	6069
649	5290	1533	5537	1875	5149	4597	3242	2958	968	1534	1119	1280	1161	3704	1116	937	1916	1293	2402	1270	869	5528	3734	2314	1167	1866	2248	1544	1904	5117	2684	1535	1357	919	5905
650	5234	1545	5551	1854	5080	4674	3215	2946	942	1508	1104	1249	1168	3638	1068	921	1906	1311	2432	1225	815	5422	3591	2272	1218	1787	2160	1546	1939	5092	2692	1556	1379	920	5919
651	5098	1517	5465	1804	4915	4557	3140	2960	922	1478	1087	1222	1122	3458	1048	929	1860	1237	2353	1225	865	5305	3577	2189	1208	1809	2192	1453	1878	5049	2623	1515	1293	848	5765
652	5106	1482	5322	1865	4934	4503	3123	2908	903	1435	1058	1173	1091	3505	1084	870	1844	1226	2283	1135	831	5292	3539	2183	1185	1738	2117	1413	1836	5022	2618	1442	1340	857	5712
653	4908	1504	5202	1800	4869	4460	3015	2866	867	1424	1046	1206	1093	3424	1047	883	1743	1221	2291	1189	795	5281	3432	2124	1111	1773	2093	1438	1839	4831	2548	1466	1257	844	5584
654	4932	1464	5222	1757	4733	4348	3020	2853	835	1431	1011	1128	1058	3450	1013	875	1776	1196	2218	1139	776	5089	3423	2126	1132	1775	2056	1399	1755	4807	2608	1441	1267	846	5582
655	4763	1364	5078	1779	4712	4367	2955	2739	836	1385	1017	1126	1057	3345	1053	845	1779	1181	2232	1149	764	4997	3369	2083	1114	1698	2004	1372	1798	4736	2518	1409	1267	797	5369
656	4682	1436	4948	1676	4617	4191	2876	2708	835	1296	986	1088	976	3276	985	815	1765	1123	2111	1118	791	4948	3295	2070	1087	1625	1973	1352	1709	4734	2407	1398	1204	760	5297
657	4717	1363	4832	1659	4553	4166	2863	2706	818	1339	930	1092	1014	3301	936	822	1694	1104	2099	1103	752	4897	3283	1988	1062	1623	1956	1293	1749	4486	2421	1359	1176	766	5267
658	4675	1389	4843	1669	4438	4119	2801	2595	810	1257	932	1080	952	3271	934	811	1691	1089	2096	1096	754	4858	3234	1963	1056	1655	1927	1281	1653	4502	2429	1297	1189	775	5113
659	4517	1353	4690	1626	4345	4021	2745	2614	786	1297	900	1036	979	3189	954	794	1636	1089	2051	1052	714	4611	3073	1870	986	1621	1853	1242	1621	4458	2266	1278	1126	735	5114
660	4587	1330	4658	1561	4260	3972	2746	2624	778	1279	894	1035	965	3164	942	765	1593	1067	2042	1041	730	4620	3095	1895	978	1568	1882	1248	1599	4384	2254	1250	1117	717	4849
661	4395	1310	4660	1551	4227	3863	2707	2443	724	1193	883	996	922	3038	903	765	1611	1012	1935	994	738	4504	3037	1802	979	1572	1776	1210	1571	4293	2295	1217	1103	679	4846
662	4359	1311	4599	1498	4232	3801	2564	2478	745	1199	908	980	902	3021	887	706	1577	1017	2019	971	695	4486	2921	1809	966	1469	1740	1213	1616	4198	2245	1223	1092	680	4804
663	4189	1286	4479	1530	4065	3692	2569	2447	724	1186	798	963	911	2963	851	742	1521	996	1999	985	679	4373	2853	1833	936	1474	1655	1203	1544	4179	2187	1204	1061	692	4678
664	4252	1248	4365	1463	4080	3762	2504	2431	708	1152	846	945	859	2893	873	682	1540	970	1875	943	656	4380	2821	1748	914	1412	1691	1188	1545	4072	2156	1151	1007	652	4629
665	4157	1248	4265	1446	3955	3607	2514	2334	694	1110	809	914	855	2745	860	704	1477	942	1848	894	690	4095	2799	1658	853	1486	1666	1117	1532	3992	2126	1115	1010	649	4541
666	4076	1225	4099	1460	3936	3483	2451	2295	680	1057	801	929	796	2809	837	700	1451	927	1806	914	655	4144	2800	1672	861	1420	1630	1103	1480	3841	2015	1158	990	603	4396
667	3930	1227	4267	1495	3796	3495	2352	2318	641	1120	768	901	827	2764	834	645	1440	883	1813	924	617	4097	2725	1614	846	1409	1513	1078	1437	3807	2013	1117	986	618	4385
668	3846	1208	4015	1412	3730	3353	2352	2234	651	1088	768	910	804	2694	833	640	1387	904	1798	866	641	4002	2633	1644	846	1375	1570	1095	1396	3799	2048	1055	977	577	4447
669	3729	1161	4020	1339	3645	3354	2379	2242	626	1040	759	871	849	2637	848	637	1408	882	1747	836	594	3998	2619	1563	787	1325	1518	1048	1374	3688	1999	1047	931	582	4290
670	3662	1176	3961	1370	3575	3274	2220	2130	625	1003	774	865	780	2631	778	604	1384	828	1717	833	623	3944	2604	1533	769	1312	1499	1023	1390	3590	1910	1017	926	595	4115
671	3685	1181	3953	1307	3530	3232	2182	2113	620	1001	752	816	756	2618	736	625	1335	817	1656	791	601	3970	2582	1485	806	1300	1447	964	1353	3647	1894	1024	871	521	4229
672	3700	1130	3784	1312	3536	3265	2263	2137	559	962	725	847	747	2614	748	611	1317	806	1684	845	581	3673	2496	1539	747	1278	1374	973	1352	3605	1801	1000	907	553	4032
673	3547	1117	3727	1327	3523	3086	2154	2045	584	956	682	806	740	2447	707	603	1281	783	1685	801	566	3680	2453	1453	731	1303	1404	988	1339	3425	1782	957	891	546	4014
674	3606	1101	3612	1278	3374	3129	2165	1925	568	909	701	778	740	2496	706	564	1236	796	1573	793	560	3476	2456	1449	706	1222	1422	949	1297	3451	1897	951	812	532	3896
675	3376	1092	3590	1289	3405	3111	2145	1942	554	951	681	759	711	2326	684	565	1226	756	1586	711	540	3580	2370	1429	693	1211	1361	907	1290	3364	1764	944	800	520	3885
676	3290	1093	3475	1202	3231	2968	2050	1937	547	922	685	760	703	2282	722	556	1263	760	1572	767	543	3478	2349	1402	697	1244	1271	940	1234	3281	1760	887	838	522	3771
677	3327	1033	3555	1247	3199	3092	2078	1939	556	864	665	718	657	2293	674	558	1169	775	1543	711	543	3463	2280	1373	678	1163	1294	861	1239	3293	1717	883	769	485	3728
678	3212	1066	3462	1203	3160	2838	2034	1829	520	845	655	700	631	2268	649	553	1185	740	1522	683	515	3332	2197	1306	656	1167	1257	884	1245	3212	1721	873	739	498	3671
679	3148	1010	3426	1165	3091	2823	2007	1934	557	822	633	710	651	2219	661	514	1183	729	1519	678	526	3286	2183	1295	660	1188	1236	891	1221	3087	1711	854	787	473	3609
680	3240	991	3333	1156	3094	2826	1938	1826	523	869	586	708	615	2252	652	527	1101	719	1518	690	515	3240	2085	1297	644	1156	1248	874	1212	3062	1625	851	705	478	3530
681	3044	961	3284	1163	2977	2768	1929	1799	503	850	604	682	640	2228	630	508	1107	695	1441	658	485	3279	2105	1326	657	1118	1192	879	1172	3061	1606	785	733	453	3491
682	3071	967	3134	1137	2993	2637	1857	1766	480	793	606	633	623	2182	672	485	1147	676	1490	672	473	3238	2107	1253	597	1099	1171	858	1162	2966	1587	839	699	471	3317
683	3042	971	3122	1121	2901	2656	1857	1749	469	785	566	636	584	2158	651	487	1117	668	1405	671	494	3109	1966	1250	600	1090	1188	823	1094	3012	1606	797	685	461	3311
684	2901	943	3116	1084	3017	2596	1837	1673	466	743	589	611	586	2174	612	492	1113	658	1347	646	487	3140	1979	1200	577	1036	1156	804	1149	2925	1555	782	714	431	3287
685	2932	938	2979	1042	2813	2650	1830	1664	487	756	567	611	581	2072	628	494	1056	623	1346	651	508	2937	1978	1178	591	1026	1130	762	1102	2852	1516	755	666	407	3222
686	2898	925	2949	1085	2729	2568	1754	1718	455	740	568	631	570	1965	540	478	1104	622	1296	627	479	2981	1992	1187	603	992	1136	768	1063	2855	1478	754	664	382	3350
687	2855	884	2996	1117	2768	2499	1723	1600	452	727	560	596	551	1958	579	450	1029	633	1421	601	477	2912	1970	1163	582	992	1124	755	1060	2762	1437	727	667	404	3150
688	2799	895	2907	1055	2726	2352	1755	1600	416	712	530	608	564	2036	571	428	1015	635	1311	604	479	2921	1819	1104	551	986	1069	757	1007	2731	1460	705	663	400	3157
689	2683	914	2876	999	2671	2465	1674	1632	458	756	518	574	553	1923	545	450	985	591	1271	626	467	2881	1891	1123	543	1013	1072	723	1091	2704	1421	736	650	379	3037
690	2563	902	2821	975	2557	2415	1654	1592	421	722	503	555	525	1887	567	473	1017	604	1284	573	432	2868	1798	1085	515	956	1044	718	985	2647	1365	724	576	355	3039
691	2736	859	2709	971	2555	2366	1611	1571	426	699	506	575	517	1873	524	419	969	589	1259	575	438	2712	1753	1052	525	948	1001	706	1036	2587	1381	695	621	366	2954
692	2617	842	2770	970	2502	2375	1616	1530	410	663	498	541	538	1752	508	435	939	559	1193	561	425	2685	1764	1078	524	961	957	662	1015	2568	1319	662	642	380	2931
693	2526	813	2673	911	2417	2307	1562	1502	411	652	477	533	507	1797	543	379	948	541	1165	552	408	2625	1622	997	498	904	978	663	969	2528	1308	689	589	346	2863
694	2480	781	2701	961	2452	2220	1550	1466	427	662	477	501	496	1787	544	395	899	531	1077	539	394	2590	1695	979	458	877	960	650	936	2460	1332	631	599	353	2746
695	2434	830	2603	853	2377	2116	1505	1426	386	609	445	508	484	1683	515	404	851	539	1179	543	387	2514	1669	985	458	908	926	657	919	2412	1306	629	561	352	2667
696	2429	777	2424	923	2245	2143	1459	1360	391	631	434	523	452	1654	499	393	853	504	1053	494	380	2485	1615	1002	473	900	913	640	884	2330	1229	649	540	371	2700
697	2286	763	2446	884	2294	2137	1460	1384	367	588	465	482	453	1696	484	387	868	550	1120	501	378	2463	1574	942	446	845	872	631	889	2271	1307	603	528	339	2706
698	2318	785	2428	892	2158	2018	1427	1357	352	604	442	477	466	1580	465	345	843	479	1072	496	376	2376	1549	956	462	805	908	618	860	2263	1207	597	502	324	2558
699	2198	721	2384	886	2168	1991	1406	1390	347	575	427	451	433	1570	464	370	790	470	1049	481	365	2348	1478	900	423	815	817	587	854	2206	1175	572	540	316	2497
700	2170	753	2282	819	2164	1994	1398	1328	318	558	405	427	409	1548	449	366	763	486	973	490	357	2224	1503	900	430	810	878	578	868	2106	1201	574	501	321	2454
701	2171	738	2322	801	2110	1855	1356	1261	302	543	395	436	416	1570	444	359	766	446	965	423	352	2289	1398	830	441	767	828	578	866	2186	1133	541	483	305	2429
702	2154	705	2238	804	2041	1851	1267	1211	351	544	390	454	419	1493	438	330	794	444	1025	470	326	2263	1424	869	378	832	807	602	785	2049	1126	552	487	280	2317
703	2011	700	2209	802	2110	1855	1299	1185	301	554	391	408	407	1404	439	296	728	428	934	459	348	2233	1395	788	411	791	784	563	791	2117	1139	540	496	265	2325
704	2014	683	2127	754	1953	1777	1303	1214	340	523	408	424	415	1449	404	331	766	438	971	424	310	2063	1358	809	401	780	764	515	807	2014	1057	536	469	268	2345
705	2040	687	2121	780	1997	1791	1213	1188	292	537	376	409	382	1438	390	325	734	425	941	397	322	2086	1386	814	384	722	742	535	763	1901	1090	531	468	266	2233
706	1916	676	2031	755	1982	1754	1183	1144	310	485	374	402	396	1441	397	321	714	407	985	409	320	2056	1304	770	362	703	730	497	734	1924	1064	471	442	281	2180
707	1976	650	2039	746	1920	1736	1160	1155	287	465	330	414	366	1353	410	301	738	407	946	397	325	1954	1322	765	350	671	741	478	727	1960	980	460	437	263	2150
708	2032	670	2002	745	1862	1688	1220	1158	319	507	363	413	390	1368	431	316	731	367	815	380	344	1995	1312	724	347	692	704	510	732	1881	1003	507	422	231	2123
709	1875	666	1982	700	1799	1689	1174	1111	294	471	350	374	391	1305	396	284	731	402	879	406	304	1979	1228	739	354	691	706	524	718	1860	994	458	383	247	2061
710	1784	642	2041	700	1822	1660	1177	1031	289	470	368	367	372	1277	384	293	685	399	921	380	274	1892	1207	693	344	686	691	511	697	1724	918	458	394	232	2040
711	1860	675	1996	705	1789	1626	1118	1057	293	487	326	368	365	1376	375	290	669	423	821	424	309	1870	1193	723	353	668	659	489	678	1740	944	451	392	251	2039
712	1761	628	1924	724	1805	1625	1139	1102	265	453	362	386	307	1298	381	276	636	381	811	354	290	1875	1176	662	325	598	673	476	689	1756	952	445	384	212	2026
713	1770	663	1840	672	1717	1570	1113	1071	272	467	344	336	335	1283	366	282	672	400	827	378	282	1853	1181	648	306	629	668	463	737	1741	998	449	416	217	1945
714	1798	621	1841	599	1762	1536	1111	1063	290	442	335	338	325	1281	347	282	654	380	808	367	285	1782	1124	701	319	661	645	450	702	1735	947	436	374	226	1944
715	1785	625	1940	650	1725	1525	1108	959	247	460	335	357	331	1226	358	284	631	354	794	381	309	1803	1162	725	314	618	646	427	688	1687	942	439	359	205	1986
716	1659	580	1880	616	1672	1508	1052	1007	263	444	313	350	317	1224	337	286	632	373	809	348	284	1780	1115	621	305	636	634	471	667	1731	859	444	371	225	1897
717	1673	591	1806	645	1664	1528	1072	949	251	474	303	336	300	1213	335	236	630	353	857	352	266	1720	1162	632	322	623	636	408	685	1675	860	436	370	209	1851
718	1678	611	1742	635	1611	1446	1003	992	236	445	282	350	299	1182	330	261	575	346	783	340	268	1751	1125	638	284	597	601	412	669	1632	925	406	360	205	1926
719	1647	603	1721	617	1657	1440	1037	982	230	395	291	310	317	1199	345	255	618	332	734	362	261	1692	1101	626	297	556	596	426	660	1653	866	417	351	195	1843
720	1625	580	1747	596	1608	1389	994	963	235	431	318	332	311	1236	309	258	583	330	730	331	266	1660	1077	632	282	648	601	415	611	1566	865	396	339	220	1762
