Procedure Summary

Plate Type	Costar 96 white opaque
Read	Read:  (F) Emission Spectrum [380nm to 670nm by 1]

Field Group

			
			
			

EM Spectrum

Wavelength	G1	G3	E5	G5	E7	A9	E9	A11	G11
380	1	0	0	0	1	0	0	0	1
381	0	0	0	0	0	1	1	1	0
382	1	0	1	1	0	1	0	0	0
383	1	0	2	1	0	0	1	1	0
384	0	0	0	0	1	1	0	0	0
385	0	0	1	0	1	1	1	1	0
386	1	0	1	0	1	1	0	0	1
387	0	1	1	1	0	1	1	0	1
388	1	1	1	0	0	1	0	0	1
389	0	0	0	0	1	1	1	0	0
390	0	1	1	1	0	1	0	1	1
391	1	0	0	0	1	1	0	0	1
392	1	0	1	1	1	1	1	1	1
393	1	1	1	1	1	0	0	1	0
394	1	0	1	1	1	0	1	1	1
395	1	1	1	1	1	1	1	1	1
396	1	1	2	1	1	1	0	1	1
397	1	1	1	1	3	1	1	2	1
398	1	1	2	1	2	1	1	1	1
399	1	1	1	1	2	2	0	2	1
400	1	1	2	1	2	1	1	2	0
401	1	1	2	1	2	0	0	2	1
402	1	1	2	1	2	2	2	2	2
403	2	2	2	2	2	1	2	2	2
404	1	1	2	2	2	2	1	3	1
405	2	2	2	2	3	2	1	2	2
406	2	2	3	2	2	2	1	3	1
407	2	2	4	2	3	3	2	2	2
408	2	2	4	3	4	2	1	3	2
409	2	3	3	3	3	3	1	3	2
410	2	2	4	3	4	2	1	3	1
411	2	2	4	3	4	2	1	2	2
412	2	3	4	3	5	2	2	4	2
413	2	2	5	3	4	2	2	3	2
414	3	3	5	3	5	3	2	2	2
415	3	3	6	3	5	2	2	3	2
416	2	2	5	5	6	3	2	3	3
417	3	3	6	4	4	2	2	2	2
418	3	3	3	4	7	2	2	4	3
419	3	3	6	4	6	2	2	5	3
420	3	3	6	4	5	3	2	4	3
421	3	3	6	4	6	3	2	4	3
422	2	3	6	5	6	3	3	3	4
423	3	2	5	4	8	2	2	5	3
424	3	3	5	6	6	3	2	4	3
425	2	3	6	5	6	3	2	4	3
426	3	4	6	5	7	2	2	3	3
427	4	3	7	7	7	3	3	4	3
428	3	4	5	5	8	3	3	6	3
429	3	4	6	5	7	4	2	4	2
430	3	4	8	6	7	3	3	4	3
431	3	3	6	7	7	2	2	3	3
432	4	3	7	6	7	1	2	6	3
433	3	4	6	7	7	2	2	6	2
434	4	4	6	7	8	3	2	4	3
435	5	3	8	7	9	4	3	6	2
436	4	5	6	8	8	2	3	4	3
437	5	3	7	9	10	3	3	5	2
438	5	3	7	8	10	2	1	4	3
439	4	4	6	8	10	2	1	4	3
440	4	3	5	8	9	2	2	5	3
441	2	5	7	7	9	3	2	6	3
442	4	3	5	9	10	3	2	4	4
443	4	3	6	6	8	3	2	6	4
444	4	3	5	10	9	2	2	4	3
445	3	2	5	9	9	2	1	4	3
446	3	4	7	10	9	3	2	4	2
447	5	3	6	10	8	1	2	3	3
448	4	2	6	9	8	3	2	5	2
449	4	3	4	9	10	2	2	6	3
450	3	3	4	11	12	2	2	5	2
451	6	3	5	13	10	2	1	4	3
452	5	3	5	11	11	2	2	6	3
453	4	2	7	11	11	3	2	4	4
454	5	1	5	10	10	3	1	6	2
455	5	1	5	9	11	2	2	4	2
456	6	3	5	9	9	2	2	5	2
457	7	2	4	11	10	0	2	5	2
458	5	3	5	10	9	2	2	4	3
459	6	2	4	12	7	2	2	4	2
460	6	2	4	9	12	0	2	5	3
461	6	1	5	10	8	2	1	5	2
462	6	2	4	12	10	2	3	5	2
463	7	1	3	9	11	2	2	6	2
464	6	2	4	10	9	1	1	5	2
465	7	3	3	10	10	2	1	4	3
466	7	2	3	12	12	2	2	5	2
467	6	2	4	9	11	2	1	5	3
468	7	2	3	10	9	3	1	5	2
469	6	3	2	12	10	2	1	5	2
470	6	3	4	12	8	2	1	5	2
471	7	2	4	14	11	2	1	7	2
472	6	2	4	12	10	2	1	4	2
473	6	2	4	12	9	2	3	6	2
474	7	2	3	13	9	2	1	7	2
475	8	2	4	13	9	1	2	5	4
476	7	3	3	11	9	2	1	5	1
477	6	1	4	13	8	3	2	4	2
478	8	1	5	12	7	2	1	4	3
479	6	3	4	13	8	1	1	6	2
480	8	2	3	13	10	2	1	4	2
481	6	2	3	14	9	1	1	5	3
482	7	1	3	12	10	1	2	4	1
483	6	1	3	14	9	2	1	6	1
484	7	1	4	13	11	2	1	5	2
485	7	2	2	10	9	2	0	5	3
486	7	1	3	11	9	0	1	5	1
487	7	2	3	12	7	3	1	5	2
488	7	1	4	12	10	2	1	4	1
489	8	2	2	9	9	1	2	4	3
490	8	4	4	13	11	1	1	5	2
491	7	2	4	12	7	2	2	6	2
492	8	1	3	11	9	2	1	4	2
493	8	2	4	12	11	1	0	5	2
494	8	1	4	12	11	1	1	6	1
495	7	1	4	10	7	2	2	4	2
496	7	1	3	13	11	2	1	4	1
497	8	1	4	12	8	2	1	5	2
498	7	1	2	14	9	1	2	7	1
499	7	1	3	11	8	2	1	4	2
500	9	1	3	13	9	1	1	5	1
501	7	1	2	13	8	2	1	5	1
502	8	2	3	14	9	2	1	4	2
503	8	1	3	13	9	2	1	4	1
504	9	1	4	13	9	2	1	6	1
505	7	2	3	13	11	2	1	5	1
506	8	1	1	15	9	2	1	5	2
507	8	0	2	11	9	1	1	5	1
508	9	2	2	15	9	1	1	6	2
509	7	2	2	14	7	1	1	3	1
510	10	2	3	14	11	1	0	5	1
511	8	2	2	15	9	1	1	3	2
512	7	2	3	16	11	1	1	6	2
513	10	2	3	15	9	1	2	4	2
514	11	1	4	12	7	3	2	5	3
515	10	2	3	16	9	3	2	7	1
516	11	3	2	17	12	2	1	5	1
517	8	3	4	16	10	2	2	4	1
518	7	2	3	14	10	2	2	5	2
519	12	3	4	12	12	1	2	4	2
520	10	3	2	14	10	3	2	5	2
521	10	4	3	17	11	3	2	6	2
522	9	3	5	18	11	4	2	5	2
523	10	3	4	15	11	5	2	5	4
524	11	4	5	19	12	6	4	7	4
525	10	5	3	15	11	5	6	8	4
526	10	6	5	17	12	5	7	6	3
527	11	8	6	17	10	6	6	7	6
528	11	6	6	19	12	5	7	5	6
529	10	5	6	16	11	6	8	8	8
530	10	10	6	19	11	7	7	6	7
531	12	9	8	19	11	8	10	8	10
532	12	12	8	19	11	8	9	8	8
533	11	11	7	16	14	11	11	11	10
534	16	13	10	18	10	14	13	12	10
535	12	13	13	20	11	13	14	13	12
536	14	15	14	20	8	18	13	11	16
537	15	21	16	18	9	21	18	9	18
538	13	23	15	19	12	21	19	15	17
539	15	25	18	21	11	24	17	15	22
540	14	28	20	20	15	26	25	17	19
541	14	29	21	20	13	30	25	18	23
542	17	31	26	21	10	37	27	21	27
543	18	33	24	21	15	35	31	19	28
544	20	38	25	21	10	42	33	17	31
545	21	36	27	21	12	42	36	21	34
546	20	42	30	23	17	45	42	24	41
547	18	41	34	21	16	50	49	22	41
548	21	43	34	24	15	48	45	26	40
549	23	45	37	21	13	50	50	33	39
550	24	55	36	21	16	57	51	31	52
551	24	53	41	21	14	53	53	29	46
552	27	51	43	22	16	61	49	27	45
553	29	50	42	24	13	65	59	34	47
554	26	55	45	25	12	63	57	30	49
555	30	53	40	22	15	65	59	33	54
556	33	61	53	24	21	74	56	35	51
557	31	58	47	25	16	63	58	33	58
558	32	61	49	24	16	70	56	36	55
559	40	66	48	28	14	68	61	43	59
560	36	61	49	20	17	62	57	34	55
561	39	61	54	25	18	76	63	39	60
562	40	66	58	24	16	77	64	46	58
563	41	63	53	23	17	69	63	46	62
564	41	63	60	21	17	72	67	48	60
565	49	66	54	29	20	73	68	46	64
566	51	65	60	21	16	76	72	50	65
567	53	73	58	26	18	82	70	47	76
568	53	69	64	24	20	92	73	51	70
569	56	68	66	29	18	84	81	56	67
570	59	74	72	24	19	93	80	66	79
571	62	77	78	27	18	93	78	58	80
572	63	83	78	27	20	108	81	63	89
573	67	88	79	22	17	107	88	66	91
574	70	90	87	28	17	113	102	67	101
575	65	91	91	24	19	124	104	70	103
576	70	96	93	29	20	123	104	69	99
577	80	110	101	24	20	135	119	79	109
578	77	111	97	26	23	142	115	76	118
579	77	123	101	26	24	163	125	79	129
580	79	123	113	23	24	166	133	75	129
581	81	128	113	22	26	170	151	77	147
582	90	126	133	32	18	177	154	85	146
583	82	137	128	32	24	191	161	85	159
584	85	154	140	31	23	206	176	95	171
585	88	141	140	29	23	216	170	99	176
586	91	156	152	30	22	233	192	102	181
587	92	167	147	31	33	246	186	105	193
588	94	163	155	29	27	259	197	101	195
589	92	169	152	29	28	260	202	106	205
590	89	189	157	30	27	271	209	98	208
591	93	182	165	29	22	289	219	100	223
592	89	198	167	28	25	284	226	108	227
593	93	192	171	26	27	281	239	103	249
594	93	205	181	29	25	294	230	108	228
595	102	202	165	28	23	308	245	106	229
596	108	195	157	28	28	304	245	109	247
597	95	195	183	28	23	313	254	113	249
598	105	205	163	30	26	317	253	105	252
599	110	214	177	28	21	323	247	113	255
600	110	203	167	30	28	308	245	108	263
601	103	197	171	25	27	319	255	114	259
602	108	208	168	30	32	331	259	111	257
603	108	207	160	30	31	311	250	107	244
604	110	193	159	31	30	308	245	100	251
605	115	190	161	31	26	320	244	101	254
606	114	189	157	31	22	314	255	107	254
607	111	193	174	31	27	302	256	119	231
608	111	195	151	29	26	311	249	102	230
609	111	187	157	26	23	297	243	103	228
610	120	172	151	32	25	289	226	104	222
611	113	190	152	31	26	276	226	96	209
612	116	175	130	28	32	269	216	93	208
613	115	171	133	30	29	274	216	99	215
614	134	158	135	30	26	254	203	97	214
615	125	168	119	30	33	243	207	104	209
616	115	154	119	29	27	234	203	97	189
617	129	132	105	26	29	226	204	82	197
618	133	148	112	27	34	232	192	92	179
619	124	147	110	24	24	214	176	92	187
620	128	142	102	30	19	214	177	97	173
621	126	137	97	27	27	210	166	86	172
622	122	140	103	28	20	203	175	86	167
623	133	127	102	34	24	190	170	84	161
624	132	129	88	30	23	192	148	92	161
625	132	123	86	25	26	185	150	93	149
626	127	114	82	26	33	188	151	86	154
627	119	123	88	27	29	165	154	92	141
628	135	114	81	33	28	174	141	84	146
629	129	110	76	32	29	175	124	87	127
630	127	105	84	32	31	166	126	95	138
631	142	105	72	26	29	157	130	84	131
632	129	95	69	27	28	149	131	88	115
633	130	90	66	26	26	144	117	83	116
634	134	85	73	30	30	146	108	84	105
635	133	85	64	30	32	143	123	79	108
636	141	87	65	35	30	115	110	79	109
637	134	80	60	28	30	126	97	81	112
638	129	81	58	37	24	125	106	78	92
639	136	85	49	27	22	104	93	72	94
640	133	75	51	28	24	112	96	80	96
641	137	71	53	22	29	102	93	81	90
642	140	73	53	26	26	95	80	69	83
643	132	71	43	23	22	95	82	69	90
644	145	68	47	28	30	98	75	77	77
645	135	61	43	33	25	100	81	69	76
646	137	65	54	28	23	94	71	80	83
647	131	65	41	29	28	90	74	68	75
648	133	66	39	28	19	82	67	70	68
649	137	48	44	29	30	87	70	70	70
650	150	62	50	28	18	79	68	75	65
651	147	53	33	22	25	81	61	71	55
652	140	46	29	26	23	71	70	60	67
653	143	54	40	24	28	72	62	72	70
654	140	38	31	31	28	67	58	75	61
655	139	51	36	24	23	64	56	70	63
656	137	45	37	25	19	64	58	68	56
657	141	43	33	27	22	62	58	62	56
658	142	48	31	27	30	66	46	79	50
659	162	40	37	29	29	65	60	62	59
660	138	45	22	31	22	61	44	68	57
661	142	36	25	25	23	51	46	70	54
662	159	44	22	23	19	55	49	60	44
663	137	42	22	24	21	55	51	67	47
664	136	36	28	28	23	49	37	67	48
665	137	35	33	23	17	54	41	60	42
666	146	36	25	21	22	42	41	56	44
667	139	32	21	24	18	38	41	56	36
668	138	35	19	26	21	47	41	59	43
669	138	26	17	25	29	34	31	61	31
670	135	26	21	22	26	33	35	60	43

