Procedure Summary

Plate Type	Costar 96 white opaque
Read	Read:  (F) Emission Spectrum [380nm to 670nm by 1]

Field Group

			
			
			

EM Spectrum

Wavelength	C3	A5	A7	C7	E7	G7	A9	C9	A11	E11
380	0	2	0	2	0	1	0	0	4	1
381	1	0	0	2	0	0	0	0	3	0
382	0	1	1	1	0	1	1	1	3	2
383	0	0	0	2	1	0	1	0	4	1
384	1	1	1	2	0	0	1	1	5	1
385	1	3	0	4	0	0	0	1	4	1
386	1	3	0	0	1	1	0	1	2	2
387	1	1	1	3	0	1	1	1	4	1
388	1	1	1	3	1	1	1	2	3	2
389	1	3	0	2	1	1	1	0	4	1
390	2	2	0	3	1	0	1	1	5	1
391	1	3	1	2	1	1	1	1	5	3
392	2	2	0	4	1	0	1	1	6	1
393	2	3	1	4	2	1	2	3	5	1
394	3	3	1	3	1	2	1	2	5	2
395	1	6	1	4	2	1	2	2	6	2
396	3	4	1	6	1	1	2	2	6	2
397	3	3	2	4	2	1	1	3	4	2
398	2	6	2	6	3	1	1	4	7	3
399	4	7	2	6	2	2	2	4	4	3
400	2	6	2	6	3	3	1	3	5	3
401	3	6	3	7	3	2	2	4	7	3
402	5	8	2	6	4	1	3	6	10	5
403	5	9	3	9	3	3	2	5	10	3
404	4	11	4	12	4	2	2	5	8	5
405	4	12	3	12	4	3	2	6	9	5
406	5	13	4	10	5	3	2	5	10	6
407	6	13	4	10	6	3	2	5	11	6
408	7	16	3	10	7	4	3	7	9	6
409	7	17	4	11	6	4	2	8	12	5
410	7	18	4	11	7	4	2	8	10	5
411	8	17	5	12	7	3	5	10	12	5
412	9	16	4	11	9	4	3	9	10	8
413	10	17	5	13	9	4	4	10	13	7
414	10	20	6	13	9	4	3	12	13	8
415	12	16	7	13	10	5	5	12	11	7
416	13	19	7	15	11	4	4	13	15	8
417	12	16	5	17	12	5	5	12	15	8
418	13	24	8	15	14	5	4	12	12	7
419	13	22	6	18	14	4	4	13	14	10
420	14	19	8	16	15	4	5	15	15	8
421	18	20	6	14	16	6	4	15	11	10
422	17	25	8	13	15	6	7	15	13	8
423	18	23	10	19	15	6	6	15	14	8
424	19	28	9	19	19	6	5	18	15	10
425	20	26	10	20	22	6	6	17	12	11
426	21	24	8	18	21	6	4	18	12	9
427	21	28	10	20	26	7	6	20	15	10
428	26	24	11	19	29	6	5	18	16	9
429	23	24	12	19	30	6	4	19	16	10
430	27	33	12	21	27	6	5	19	16	9
431	28	30	11	22	30	5	4	20	16	10
432	28	30	15	19	34	7	6	21	14	10
433	30	23	12	22	36	8	5	21	16	9
434	31	23	15	19	38	7	4	22	20	11
435	36	27	14	25	39	4	6	22	20	8
436	38	29	14	21	40	6	6	26	20	10
437	39	28	15	23	49	7	6	25	16	9
438	39	25	15	24	42	7	6	27	18	11
439	42	25	17	24	50	6	4	30	18	11
440	42	30	16	22	54	5	5	28	18	14
441	47	28	15	22	57	8	4	28	17	8
442	50	23	14	20	59	7	5	27	16	7
443	53	26	13	21	65	6	6	27	19	12
444	50	27	15	23	63	6	6	30	14	9
445	50	20	18	20	66	7	8	28	16	11
446	61	27	16	17	71	7	5	31	18	9
447	64	20	15	23	73	7	6	34	15	8
448	67	31	15	16	79	5	5	31	18	10
449	68	27	14	19	75	6	4	28	13	8
450	70	26	16	23	80	8	5	32	15	7
451	65	24	13	25	82	6	8	33	17	10
452	75	22	15	16	97	4	5	35	16	8
453	83	19	13	22	95	6	5	39	17	7
454	88	18	16	12	101	5	3	38	13	9
455	90	20	13	19	98	5	4	40	13	8
456	94	23	16	13	99	6	4	39	17	8
457	97	24	17	16	110	7	6	47	15	9
458	111	20	13	15	121	5	3	44	14	9
459	109	18	14	12	118	6	5	44	17	10
460	105	18	14	18	123	4	4	48	19	10
461	116	21	18	20	130	7	5	47	16	10
462	112	20	14	13	128	6	5	50	13	9
463	121	12	13	13	138	3	4	45	13	8
464	129	23	14	16	157	5	5	52	11	8
465	129	21	15	13	157	8	2	54	12	8
466	129	18	14	19	154	6	3	53	13	7
467	137	16	16	16	161	7	4	55	13	7
468	156	21	14	12	162	4	4	54	12	8
469	142	21	14	14	164	4	4	58	12	6
470	153	18	13	15	183	6	4	59	13	7
471	159	14	14	19	182	4	6	60	12	7
472	154	19	14	17	189	5	4	63	13	10
473	160	21	14	21	190	5	4	65	13	9
474	159	15	17	20	204	3	3	70	12	7
475	165	22	11	14	199	5	4	69	12	8
476	175	17	13	14	205	6	5	74	12	7
477	182	20	11	12	225	4	4	72	12	8
478	185	19	14	12	224	6	3	71	11	8
479	186	15	13	16	230	4	5	75	13	8
480	190	18	13	15	234	5	4	79	12	7
481	198	13	16	14	248	4	3	79	12	7
482	205	17	13	10	256	5	5	83	14	8
483	202	18	17	14	256	4	3	90	12	5
484	209	15	16	13	261	5	4	86	9	7
485	217	16	17	12	279	5	4	89	12	6
486	221	17	18	13	287	6	3	88	11	5
487	224	18	14	14	287	2	4	95	12	8
488	229	13	15	11	301	5	3	94	9	6
489	233	15	15	12	303	5	4	100	11	9
490	232	20	14	9	313	4	4	102	11	7
491	245	9	15	14	311	5	4	99	14	8
492	250	15	14	15	328	4	4	105	11	9
493	255	10	15	10	340	4	4	102	9	7
494	255	15	14	11	342	4	2	111	8	6
495	268	11	13	10	340	5	3	110	8	6
496	264	18	15	12	353	4	4	113	10	5
497	277	18	12	13	357	3	5	114	12	7
498	286	19	13	13	369	5	5	111	10	7
499	276	17	14	13	378	4	4	117	8	3
500	295	16	15	10	367	4	3	113	9	5
501	292	14	18	14	392	5	3	125	10	5
502	303	15	15	10	400	5	4	123	9	5
503	298	16	12	16	394	4	7	128	12	6
504	312	18	14	9	411	4	4	124	11	5
505	297	11	15	13	413	2	4	132	13	5
506	319	13	15	11	431	6	5	129	13	5
507	328	15	18	8	444	4	5	139	14	6
508	336	13	15	13	443	3	4	133	11	4
509	335	14	17	9	458	4	3	141	10	6
510	338	14	17	12	463	4	3	145	16	5
511	335	13	20	11	457	5	4	145	12	6
512	348	12	16	5	483	5	3	138	13	7
513	348	16	17	8	468	6	5	148	15	6
514	364	15	15	11	483	4	5	149	17	6
515	361	13	22	11	489	4	5	144	15	6
516	379	14	16	10	507	6	4	164	14	5
517	372	14	19	10	502	4	5	157	18	6
518	382	11	17	12	522	5	4	158	17	7
519	380	16	17	12	525	5	5	160	22	5
520	388	19	19	12	528	4	6	153	21	9
521	383	17	16	12	516	6	7	161	19	7
522	393	14	20	12	533	5	7	170	21	8
523	410	16	20	9	556	7	7	167	20	7
524	403	19	23	10	544	7	9	169	26	9
525	421	19	22	14	554	6	6	174	24	9
526	424	14	18	13	575	6	9	179	24	8
527	424	19	25	12	568	8	7	174	25	8
528	432	15	19	11	581	7	9	176	32	9
529	418	15	21	13	590	10	8	174	34	9
530	447	20	23	12	595	10	10	176	35	10
531	460	19	23	11	595	7	11	184	39	10
532	446	16	21	18	618	9	9	189	32	8
533	435	18	24	15	611	13	10	180	42	11
534	443	12	20	14	598	9	9	190	41	11
535	458	20	21	15	618	11	12	187	38	12
536	468	16	21	14	632	13	14	197	43	10
537	467	15	21	20	629	14	14	190	46	12
538	478	12	24	15	645	12	13	189	42	10
539	478	17	21	17	661	12	12	195	40	12
540	490	17	21	17	670	14	14	196	47	18
541	504	17	22	14	679	14	15	207	47	13
542	508	21	24	22	683	12	14	211	48	13
543	488	17	24	17	675	15	15	209	46	11
544	507	20	28	16	693	14	15	214	52	15
545	498	14	26	16	690	14	15	210	47	12
546	522	16	26	15	703	16	15	205	49	16
547	513	14	21	17	709	11	14	222	55	13
548	531	15	21	18	692	17	15	219	51	15
549	548	22	26	15	721	14	13	228	45	17
550	535	14	23	15	727	15	15	223	45	12
551	543	14	23	15	751	15	15	214	50	12
552	537	14	24	16	736	13	16	224	52	10
553	541	18	25	14	743	15	17	225	44	14
554	549	15	29	13	742	14	15	235	47	12
555	556	14	29	19	748	16	12	229	55	13
556	540	16	29	13	753	17	14	237	51	13
557	581	16	26	14	753	16	19	230	52	13
558	567	16	30	19	768	17	15	239	43	12
559	581	20	31	18	776	16	15	241	48	14
560	579	17	28	18	773	16	16	242	45	15
561	583	10	22	22	786	20	13	249	42	15
562	596	11	29	18	818	17	15	237	46	11
563	598	17	30	18	797	16	16	239	43	17
564	581	10	25	13	789	18	13	247	39	17
565	576	10	25	14	821	15	13	255	41	16
566	595	14	29	14	796	17	15	247	47	17
567	615	14	26	11	835	17	15	252	42	14
568	608	16	25	14	825	13	16	246	39	10
569	606	14	29	18	836	18	13	245	36	16
570	619	17	26	11	831	13	17	266	33	14
571	607	11	27	19	825	16	14	257	42	15
572	631	14	26	13	861	17	14	262	45	18
573	616	16	28	14	844	16	14	253	42	18
574	630	17	25	15	845	15	20	257	47	13
575	639	16	28	10	893	18	16	251	33	11
576	630	12	32	19	869	19	14	266	41	15
577	638	10	33	17	876	18	17	273	38	12
578	651	9	29	17	882	16	18	264	37	13
579	661	11	39	11	899	14	19	274	40	10
580	645	12	26	17	883	15	18	271	38	14
581	654	14	34	19	899	18	18	284	40	15
582	648	11	29	14	904	19	15	274	31	15
583	673	7	25	19	921	19	17	285	35	12
584	669	10	34	16	908	20	15	264	33	16
585	665	11	27	16	923	17	16	272	36	14
586	673	12	27	11	904	17	18	278	31	16
587	694	11	32	14	934	18	17	278	34	13
588	668	9	27	15	956	16	15	284	35	15
589	679	9	34	16	932	16	17	282	33	13
590	680	7	27	9	948	18	17	281	32	12
591	700	5	31	13	948	21	14	282	31	18
592	698	8	29	10	999	16	16	285	35	12
593	694	11	34	13	938	20	14	292	31	16
594	686	11	33	14	939	15	16	282	34	10
595	714	7	23	18	955	16	15	295	30	14
596	706	8	37	17	939	25	18	289	28	18
597	735	6	27	12	968	19	20	287	31	16
598	720	7	32	15	976	19	16	294	32	14
599	722	4	31	8	968	21	20	293	27	17
600	702	7	32	11	1014	15	17	288	36	17
601	739	8	36	8	986	18	17	306	34	17
602	743	10	28	15	996	15	13	293	26	12
603	754	3	30	11	987	23	20	306	22	16
604	737	11	31	13	1034	19	16	301	29	11
605	737	7	32	11	1009	19	16	300	25	11
606	753	10	31	11	1060	20	19	301	35	11
607	749	8	31	8	1033	16	20	299	28	12
608	754	8	31	14	1015	12	18	301	22	13
609	733	10	32	11	1047	19	15	318	30	14
610	773	7	28	16	1026	20	13	306	24	11
611	769	4	31	15	1021	19	17	319	27	14
612	757	7	25	15	1024	20	13	320	24	20
613	768	8	24	7	1038	18	17	310	24	15
614	757	8	31	9	1014	24	14	297	18	14
615	756	9	29	12	1024	21	16	317	23	18
616	773	12	32	13	1065	17	14	308	28	11
617	754	11	28	15	1065	20	17	320	23	14
618	753	3	33	12	1054	19	17	318	29	14
619	773	7	29	12	1054	18	15	322	19	14
620	766	7	29	7	1059	17	17	311	19	14
621	793	4	25	9	1081	19	19	308	24	12
622	802	9	25	7	1085	14	18	325	24	10
623	763	8	28	10	1068	15	20	316	19	12
624	788	9	30	16	1080	16	20	318	34	15
625	813	7	31	9	1092	18	21	334	27	10
626	811	8	28	7	1093	16	17	341	22	9
627	795	3	28	8	1077	19	18	334	17	9
628	813	11	34	18	1099	17	17	314	20	9
629	771	6	24	10	1131	21	17	333	22	10
630	802	3	34	8	1084	21	18	343	18	15
631	818	7	31	7	1095	18	20	330	15	15
632	788	6	31	11	1118	18	20	337	21	13
633	819	5	26	12	1100	19	17	316	21	13
634	814	4	30	11	1082	18	17	319	18	15
635	791	0	27	9	1113	20	18	336	14	12
636	780	9	32	15	1131	20	17	331	20	7
637	804	7	31	10	1088	25	17	317	17	19
638	820	2	28	6	1034	12	19	338	22	12
639	802	9	29	6	1094	17	18	329	12	13
640	801	4	27	13	1121	13	17	307	21	11
641	816	7	30	7	1086	17	14	334	19	12
642	816	1	34	4	1097	18	17	330	18	17
643	836	13	28	13	1091	22	17	342	17	12
644	834	1	35	11	1123	19	18	329	18	13
645	834	9	28	10	1128	22	13	335	17	13
646	809	4	31	10	1078	20	16	350	15	9
647	821	4	30	10	1107	17	14	342	14	15
648	822	5	27	11	1114	20	15	342	20	8
649	841	2	28	9	1124	19	13	332	15	13
650	816	12	29	11	1128	15	17	343	12	12
651	843	4	26	9	1163	17	14	323	17	9
652	812	3	20	9	1104	19	13	334	14	9
653	852	5	26	14	1155	20	16	343	15	13
654	823	7	25	9	1129	18	12	340	21	13
655	850	8	27	13	1109	21	15	349	9	11
656	831	0	26	9	1160	20	14	341	12	10
657	871	12	28	7	1128	20	11	336	14	15
658	861	0	26	11	1141	19	12	326	12	12
659	843	6	24	15	1150	16	16	327	14	7
660	854	5	28	8	1171	20	15	325	10	9
661	835	6	27	14	1182	20	14	331	17	12
662	856	0	27	6	1187	15	12	332	10	12
663	847	2	16	14	1160	20	15	331	12	8
664	838	0	31	3	1166	18	15	340	17	10
665	841	2	25	12	1115	18	16	341	13	15
666	839	8	29	9	1143	17	17	324	13	7
667	834	3	31	4	1168	22	10	329	11	13
668	847	0	25	6	1123	19	16	317	10	17
669	844	1	33	7	1136	18	15	372	8	5
670	823	0	27	3	1133	16	17	363	12	15

